 
470    
471    
472    
473    
474    
475    
476    
477    
478    
479    
480    
640    
641    
642    
643    
644    
645    
646    
647    
648    
649    
650    
700    
701    
702    
703    
704    
705    
706    
707    
708    
709    
710    
770    
771    
772    
773    
774    
775    
776    
777    
778    
779    
780    
800    
801    
802    
803    
804    
805    
806    
807    
808    
809    
810    
820    
821    
822    
823    
824    
825    
826    
827    
828    
829    
830    
850    
851    
852    
853    
854    
855    
856    
857    
858    
859    
860    
880    
881    
882    
883    
884    
885    
886    
887    
888    
889    
890    
900    
901    
902    
903    
904    
905    
906    
907    
908    
909    
910    
940    
941    
942    
943    
944    
945    
946    
947    
948    
949    
950    
960    
961    
962    
963    
964    
965    
966    
967    
968    
969    
970    
1000    
1001    
1002    
1003    
1004    
1005    
1006    
1007    
1008    
1009    
1010    
1090    
1091    
1092    
1093    
1094    
1095    
1096    
1097    
1098    
1099    
1100    
