   1     43.3612852492267    -0.18847
   2     43.3613463034270    -0.16677
   3     43.3614073576274    -0.09250
   4     43.3614684118278     0.02905
   5     43.3615294660281    -0.03288
   6     43.3615905202285    -0.20186
   7     43.3616515744288    -0.23984
   8     43.3617126286292     0.02311
   9     43.3617736828296     0.01825
  10     43.3618347370299    -0.05428
  11     43.3618957912303    -0.02702
  12     43.3619568454306     0.00270
  13     43.3620178996310    -0.00120
  14     43.3620789538314    -0.16573
  15     43.3621400080317    -0.09054
  16     43.3622010622321     0.01811
  17     43.3622621164324    -0.08888
  18     43.3623231706328    -0.09335
  19     43.3623842248332    -0.01618
  20     43.3624452790335    -0.15834
  21     43.3625063332339    -0.11648
  22     43.3625673874342    -0.18010
  23     43.3626284416346    -0.03297
  24     43.3626894958350    -0.16561
  25     43.3627505500353    -0.07650
  26     43.3628116042357    -0.04716
  27     43.3628726584360    -0.03600
  28     43.3629337126364    -0.09779
  29     43.3629947668368    -0.15424
  30     43.3630558210371    -0.07781
  31     43.3631168752375    -0.05649
  32     43.3631779294378    -0.10087
  33     43.3632389836382    -0.07454
  34     43.3633000378385    -0.30980
  35     43.3633610920389    -0.12884
  36     43.3634221462393     0.07288
  37     43.3634832004396    -0.10679
  38     43.3635442546400    -0.14968
  39     43.3636053088403    -0.16984
  40     43.3636663630407    -0.15464
  41     43.3637274172411    -0.07674
  42     43.3637884714414    -0.13534
  43     43.3638495256418    -0.19424
  44     43.3639105798421     0.17471
  45     43.3639716340425     0.00082
  46     43.3640326882429     0.03219
  47     43.3640937424432    -0.04961
  48     43.3641547966436    -0.04045
  49     43.3642158508439    -0.17272
  50     43.3642769050443    -0.04479
  51     43.3643379592447    -0.04692
  52     43.3643990134450    -0.11849
  53     43.3644600676454     0.08893
  54     43.3645211218457     0.06338
  55     43.3645821760461    -0.14512
  56     43.3646432302465    -0.03895
  57     43.3647042844468     0.04025
  58     43.3647653386472    -0.08112
  59     43.3648263928475     0.07478
  60     43.3648874470479     0.01400
  61     43.3649485012483     0.02427
  62     43.3650095554486    -0.16845
  63     43.3650706096490    -0.18499
  64     43.3651316638493    -0.06137
  65     43.3651927180497    -0.21814
  66     43.3652537722501    -0.20466
  67     43.3653148264504    -0.21993
  68     43.3653758806508    -0.05973
  69     43.3654369348511     0.04467
  70     43.3654979890515    -0.10979
  71     43.3655590432519     0.08864
  72     43.3656200974522    -0.05073
  73     43.3656811516526    -0.11040
  74     43.3657422058529    -0.08129
  75     43.3658032600533     0.03307
  76     43.3658643142536    -0.08449
  77     43.3659253684540    -0.01474
  78     43.3659864226544    -0.03514
  79     43.3660474768547     0.09221
  80     43.3661085310551     0.24872
  81     43.3661695852554    -0.00377
  82     43.3662306394558    -0.03712
  83     43.3662916936562    -0.17519
  84     43.3663527478565     0.18946
  85     43.3664138020569     0.04805
  86     43.3664748562572    -0.06791
  87     43.3665359104576     0.02067
  88     43.3665969646580    -0.06885
  89     43.3666580188583    -0.15115
  90     43.3667190730587    -0.00759
  91     43.3667801272590     0.05667
  92     43.3668411814594    -0.18087
  93     43.3669022356598     0.02897
  94     43.3669632898601     0.06005
  95     43.3670243440605    -0.01090
  96     43.3670853982608    -0.11429
  97     43.3671464524612     0.02951
  98     43.3672075066616     0.03265
  99     43.3672685608619     0.11562
 100     43.3673296150623     0.06885
 101     43.3673906692626    -0.07424
 102     43.3674517234630    -0.10366
 103     43.3675127776634    -0.09770
 104     43.3675738318637     0.03545
 105     43.3676348860641    -0.05041
 106     43.3676959402644    -0.11831
 107     43.3677569944648    -0.02391
 108     43.3678180486652    -0.03276
 109     43.3678791028655     0.01265
 110     43.3679401570659     0.07558
 111     43.3680012112662    -0.20949
 112     43.3680622654666    -0.01773
 113     43.3681233196669     0.09702
 114     43.3681843738673    -0.05702
 115     43.3682454280677    -0.04452
 116     43.3683064822680    -0.10446
 117     43.3683675364684     0.06482
 118     43.3684285906687     0.10018
 119     43.3684896448691     0.04795
 120     43.3685506990695     0.09962
 121     43.3686117532698     0.04243
 122     43.3686728074702     0.04763
 123     43.3687338616705     0.19697
 124     43.3687949158709     0.11448
 125     43.3688559700713     0.23621
 126     43.3689170242716    -0.11975
 127     43.3689780784720    -0.07861
 128     43.3690391326723    -0.08554
 129     43.3691001868727     0.16272
 130     43.3691612410731    -0.00332
 131     43.3692222952734     0.08827
 132     43.3692833494738    -0.08518
 133     43.3693444036741    -0.03858
 134     43.3694054578745     0.37047
 135     43.3694665120749     0.05215
 136     43.3695275662752    -0.09879
 137     43.3695886204756     0.06858
 138     43.3696496746759     0.02241
 139     43.3697107288763    -0.15706
 140     43.3697717830767    -0.08348
 141     43.3698328372770    -0.09778
 142     43.3698938914774     0.01618
 143     43.3699549456777    -0.04487
 144     43.3700159998781    -0.14945
 145     43.3700770540785     0.06491
 146     43.3701381082788     0.07318
 147     43.3701991624792    -0.01762
 148     43.3702602166795     0.02618
 149     43.3703212708799    -0.00592
 150     43.3703823250802     0.06754
 151     43.3704433792806     0.12032
 152     43.3705044334810    -0.06849
 153     43.3705654876813     0.17616
 154     43.3706265418817    -0.11144
 155     43.3706875960820    -0.02714
 156     43.3707486502824    -0.14579
 157     43.3708097044828    -0.03277
 158     43.3708707586831    -0.09269
 159     43.3709318128835    -0.01742
 160     43.3709928670838     0.11007
 161     43.3710539212842    -0.04972
 162     43.3711149754846     0.04258
 163     43.3711760296849     0.16421
 164     43.3712370838853     0.00852
 165     43.3712981380856    -0.06640
 166     43.3713591922860    -0.01659
 167     43.3714202464864    -0.02918
 168     43.3714813006867     0.14587
 169     43.3715423548871    -0.04982
 170     43.3716034090874    -0.03766
 171     43.3716644632878     0.01767
 172     43.3717255174882     0.22085
 173     43.3717865716885     0.09152
 174     43.3718476258889     0.01930
 175     43.3719086800892     0.12539
 176     43.3719697342896    -0.07403
 177     43.3720307884899     0.06724
 178     43.3720918426903     0.09616
 179     43.3721528968907     0.04438
 180     43.3722139510910    -0.18421
 181     43.3722750052914    -0.07354
 182     43.3723360594918     0.17194
 183     43.3723971136921    -0.07383
 184     43.3724581678925    -0.01265
 185     43.3725192220928     0.07977
 186     43.3725802762932    -0.03719
 187     43.3726413304935    -0.05882
 188     43.3727023846939     0.02269
 189     43.3727634388943     0.02877
 190     43.3728244930946    -0.06258
 191     43.3728855472950     0.04976
 192     43.3729466014953    -0.21225
 193     43.3730076556957     0.15985
 194     43.3730687098961    -0.03384
 195     43.3731297640964     0.01000
 196     43.3731908182968    -0.03982
 197     43.3732518724971    -0.09862
 198     43.3733129266975     0.09257
 199     43.3733739808979     0.06851
 200     43.3734350350982    -0.09880
 201     43.3734960892986     0.06211
 202     43.3735571434989     0.04940
 203     43.3736181976993     0.05754
 204     43.3736792518997    -0.02824
 205     43.3737403061000    -0.06636
 206     43.3738013603004    -0.09095
 207     43.3738624145007    -0.11472
 208     43.3739234687011     0.23066
 209     43.3739845229015     0.11646
 210     43.3740455771018    -0.04575
 211     43.3741066313022     0.08257
 212     43.3741676855025    -0.08924
 213     43.3742287397029     0.05078
 214     43.3742897939032     0.06176
 215     43.3743508481036    -0.10698
 216     43.3744119023040     0.22393
 217     43.3744729565043     0.03000
 218     43.3745340107047     0.05077
 219     43.3745950649050    -0.07588
 220     43.3746561191054    -0.07514
 221     43.3747171733058     0.04088
 222     43.3747782275061    -0.05396
 223     43.3748392817065    -0.07450
 224     43.3749003359069     0.06517
 225     43.3749613901072     0.04460
 226     43.3750224443076    -0.13883
 227     43.3750834985079     0.08181
 228     43.3751445527083    -0.16688
 229     43.3752056069086    -0.06447
 230     43.3752666611090     0.04180
 231     43.3753277153094    -0.08068
 232     43.3753887695097    -0.17523
 233     43.3754498237101     0.01985
 234     43.3755108779104     0.07676
 235     43.3755719321108    -0.08339
 236     43.3756329863112    -0.08972
 237     43.3756940405115    -0.02027
 238     43.3757550947119     0.10439
 239     43.3758161489122    -0.01092
 240     43.3758772031126    -0.13053
 241     43.3759382573130     0.00020
 242     43.3759993115133    -0.20407
 243     43.3760603657137    -0.15022
 244     43.3761214199140    -0.02461
 245     43.3761824741144     0.07728
 246     43.3762435283148     0.05014
 247     43.3763045825151     0.04790
 248     43.3763656367155    -0.05112
 249     43.3764266909158    -0.16557
 250     43.3764877451162    -0.07105
 251     43.3765487993166    -0.05861
 252     43.3766098535169    -0.05599
 253     43.3766709077173     0.09204
 254     43.3767319619176     0.23880
 255     43.3767930161180    -0.03122
 256     43.3768540703183    -0.05108
 257     43.3769151245187    -0.16797
 258     43.3769761787191    -0.02072
 259     43.3770372329194     0.06088
 260     43.3770982871198     0.15125
 261     43.3771593413201     0.05816
 262     43.3772203955205    -0.03508
 263     43.3772814497209     0.06031
 264     43.3773425039212    -0.11178
 265     43.3774035581216    -0.13443
 266     43.3774646123219    -0.17114
 267     43.3775256665223    -0.10743
 268     43.3775867207227    -0.30484
 269     43.3776477749230     0.03348
 270     43.3777088291234     0.07753
 271     43.3777698833237     0.00265
 272     43.3778309375241     0.02552
 273     43.3778919917245     0.03476
 274     43.3779530459248     0.13277
 275     43.3780141001252    -0.08824
 276     43.3780751543255    -0.01463
 277     43.3781362085259     0.08324
 278     43.3781972627262    -0.07454
 279     43.3782583169266     0.28193
 280     43.3783193711270    -0.05233
 281     43.3783804253273     0.02835
 282     43.3784414795277    -0.16999
 283     43.3785025337280    -0.14024
 284     43.3785635879284     0.09945
 285     43.3786246421288    -0.08154
 286     43.3786856963291     0.05275
 287     43.3787467505295    -0.01728
 288     43.3788078047298     0.02744
 289     43.3788688589302     0.21827
 290     43.3789299131306     0.02455
 291     43.3789909673309     0.09749
 292     43.3790520215313    -0.17368
 293     43.3791130757316     0.17170
 294     43.3791741299320     0.14390
 295     43.3792351841324     0.01705
 296     43.3792962383327    -0.07765
 297     43.3793572925331    -0.15988
 298     43.3794183467334    -0.01292
 299     43.3794794009338    -0.07697
 300     43.3795404551342     0.08981
 301     43.3796015093345    -0.20504
 302     43.3796625635349     0.06278
 303     43.3797236177352    -0.13658
 304     43.3797846719356     0.12847
 305     43.3798457261359     0.01552
 306     43.3799067803363     0.02789
 307     43.3799678345367     0.00353
 308     43.3800288887370    -0.01761
 309     43.3800899429374    -0.08446
 310     43.3801509971378     0.13175
 311     43.3802120513381    -0.13964
 312     43.3802731055385    -0.02715
 313     43.3803341597388     0.07657
 314     43.3803952139392    -0.02006
 315     43.3804562681396    -0.01952
 316     43.3805173223399     0.03102
 317     43.3805783765403     0.03501
 318     43.3806394307406     0.00617
 319     43.3807004849410     0.17105
 320     43.3807615391413    -0.21163
 321     43.3808225933417     0.04708
 322     43.3808836475421     0.06742
 323     43.3809447017424     0.04802
 324     43.3810057559428     0.20389
 325     43.3810668101431    -0.02583
 326     43.3811278643435     0.03987
 327     43.3811889185439     0.07109
 328     43.3812499727442     0.08550
 329     43.3813110269446    -0.03253
 330     43.3813720811449     0.08976
 331     43.3814331353453     0.03923
 332     43.3814941895457    -0.09736
 333     43.3815552437460    -0.03876
 334     43.3816162979464    -0.05612
 335     43.3816773521467    -0.00172
 336     43.3817384063471    -0.03843
 337     43.3817994605475     0.04297
 338     43.3818605147478     0.06907
 339     43.3819215689482     0.06514
 340     43.3819826231485     0.11862
 341     43.3820436773489     0.02277
 342     43.3821047315493     0.00935
 343     43.3821657857496    -0.01913
 344     43.3822268399500    -0.02869
 345     43.3822878941503    -0.07564
 346     43.3823489483507    -0.03285
 347     43.3824100025510    -0.02078
 348     43.3824710567514    -0.04041
 349     43.3825321109518    -0.00417
 350     43.3825931651521     0.04658
 351     43.3826542193525     0.05825
 352     43.3827152735529     0.02907
 353     43.3827763277532     0.11236
 354     43.3828373819536     0.13264
 355     43.3828984361539    -0.02010
 356     43.3829594903543    -0.11794
 357     43.3830205445546     0.06329
 358     43.3830815987550    -0.02892
 359     43.3831426529554    -0.08600
 360     43.3832037071557     0.13347
 361     43.3832647613561    -0.06581
 362     43.3833258155564     0.08916
 363     43.3833868697568    -0.02813
 364     43.3834479239572     0.11292
 365     43.3835089781575     0.01760
 366     43.3835700323579     0.20881
 367     43.3836310865582    -0.00976
 368     43.3836921407586    -0.02508
 369     43.3837531949590    -0.17540
 370     43.3838142491593    -0.01312
 371     43.3838753033597     0.03207
 372     43.3839363575600     0.02142
 373     43.3839974117604    -0.01432
 374     43.3840584659608    -0.04418
 375     43.3841195201611     0.04163
 376     43.3841805743615     0.21961
 377     43.3842416285618    -0.00922
 378     43.3843026827622     0.17700
 379     43.3843637369626     0.10893
 380     43.3844247911629    -0.21380
 381     43.3844858453633    -0.02100
 382     43.3845468995636    -0.01171
 383     43.3846079537640     0.11965
 384     43.3846690079643     0.11276
 385     43.3847300621647    -0.23220
 386     43.3847911163651    -0.04363
 387     43.3848521705654     0.04840
 388     43.3849132247658     0.05305
 389     43.3849742789661     0.02834
 390     43.3850353331665    -0.12204
 391     43.3850963873669     0.00867
 392     43.3851574415672     0.08626
 393     43.3852184957676     0.02424
 394     43.3852795499679    -0.13391
 395     43.3853406041683     0.00690
 396     43.3854016583687    -0.07082
 397     43.3854627125690    -0.13581
 398     43.3855237667694    -0.04119
 399     43.3855848209697     0.15702
 400     43.3856458751701    -0.03686
 401     43.3857069293705     0.02681
 402     43.3857679835708     0.07303
 403     43.3858290377712     0.03223
 404     43.3858900919715    -0.11332
 405     43.3859511461719     0.01656
 406     43.3860122003723    -0.18581
 407     43.3860732545726    -0.05482
 408     43.3861343087730     0.10134
 409     43.3861953629733    -0.01410
 410     43.3862564171737     0.03376
 411     43.3863174713741     0.17344
 412     43.3863785255744    -0.00174
 413     43.3864395797748    -0.14176
 414     43.3865006339751     0.07830
 415     43.3865616881755    -0.01211
 416     43.3866227423759     0.04371
 417     43.3866837965762     0.03314
 418     43.3867448507766    -0.11679
 419     43.3868059049769    -0.01034
 420     43.3868669591773    -0.11003
 421     43.3869280133776    -0.01961
 422     43.3869890675780     0.07752
 423     43.3870501217784    -0.20580
 424     43.3871111759787    -0.01782
 425     43.3871722301791    -0.10136
 426     43.3872332843794    -0.02628
 427     43.3872943385798    -0.00392
 428     43.3873553927802     0.05647
 429     43.3874164469805    -0.20488
 430     43.3874775011809    -0.01167
 431     43.3875385553812     0.06350
 432     43.3875996095816    -0.09063
 433     43.3876606637820    -0.04882
 434     43.3877217179823    -0.05952
 435     43.3877827721827    -0.20400
 436     43.3878438263830    -0.07627
 437     43.3879048805834     0.02898
 438     43.3879659347838     0.01274
 439     43.3880269889841    -0.04418
 440     43.3880880431845     0.16154
 441     43.3881490973848     0.02317
 442     43.3882101515852     0.16206
 443     43.3882712057856    -0.01875
 444     43.3883322599859    -0.02592
 445     43.3883933141863     0.05016
 446     43.3884543683866     0.00795
 447     43.3885154225870    -0.04107
 448     43.3885764767873     0.03439
 449     43.3886375309877    -0.02032
 450     43.3886985851881     0.02193
 451     43.3887596393884     0.09681
 452     43.3888206935888     0.01797
 453     43.3888817477891    -0.10945
 454     43.3889428019895     0.07641
 455     43.3890038561899    -0.12082
 456     43.3890649103902     0.06056
 457     43.3891259645906    -0.28316
 458     43.3891870187909     0.09904
 459     43.3892480729913    -0.08167
 460     43.3893091271917     0.02896
 461     43.3893701813920    -0.00181
 462     43.3894312355924     0.00374
 463     43.3894922897927     0.17768
 464     43.3895533439931     0.08569
 465     43.3896143981935     0.07935
 466     43.3896754523938     0.06080
 467     43.3897365065942     0.02482
 468     43.3897975607945     0.16612
 469     43.3898586149949    -0.08810
 470     43.3899196691953    -0.00855
 471     43.3899807233956     0.21486
 472     43.3900417775960     0.07207
 473     43.3901028317963    -0.01233
 474     43.3901638859967     0.07476
 475     43.3902249401971     0.01313
 476     43.3902859943974    -0.13499
 477     43.3903470485978     0.11140
 478     43.3904081027981    -0.12950
 479     43.3904691569985    -0.05666
 480     43.3905302111989     0.05185
 481     43.3905912653992     0.07145
 482     43.3906523195996    -0.05806
 483     43.3907133737999     0.05679
 484     43.3907744280003    -0.14602
 485     43.3908354822007     0.16812
 486     43.3908965364010    -0.00714
 487     43.3909575906014    -0.22273
 488     43.3910186448017    -0.02846
 489     43.3910796990021    -0.05008
 490     43.3911407532024    -0.03960
 491     43.3912018074028     0.02554
 492     43.3912628616032     0.12356
 493     43.3913239158035     0.04524
 494     43.3913849700039    -0.15314
 495     43.3914460242042    -0.14908
 496     43.3915070784046     0.07912
 497     43.3915681326050     0.04173
 498     43.3916291868053     0.06550
 499     43.3916902410057    -0.05440
 500     43.3917512952060    -0.04727
 501     43.3918123494064    -0.01876
 502     43.3918734036068     0.03974
 503     43.3919344578071     0.00866
 504     43.3919955120075    -0.01550
 505     43.3920565662078    -0.00475
 506     43.3921176204082    -0.08126
 507     43.3921786746086    -0.03778
 508     43.3922397288089    -0.08748
 509     43.3923007830093    -0.04969
 510     43.3923618372096    -0.02868
 511     43.3924228914100    -0.00612
 512     43.3924839456104    -0.00260
 513     43.3925449998107    -0.05103
 514     43.3926060540111    -0.10104
 515     43.3926671082114    -0.01527
 516     43.3927281624118    -0.16668
 517     43.3927892166122    -0.02135
 518     43.3928502708125     0.01570
 519     43.3929113250129     0.21979
 520     43.3929723792132    -0.07747
 521     43.3930334334136     0.15245
 522     43.3930944876140    -0.18252
 523     43.3931555418143    -0.01847
 524     43.3932165960147    -0.08460
 525     43.3932776502150     0.11184
 526     43.3933387044154     0.00220
 527     43.3933997586158    -0.07959
 528     43.3934608128161     0.01119
 529     43.3935218670165     0.11098
 530     43.3935829212168    -0.03890
 531     43.3936439754172    -0.04004
 532     43.3937050296175     0.07097
 533     43.3937660838179    -0.11689
 534     43.3938271380183    -0.19960
 535     43.3938881922186     0.07486
 536     43.3939492464190    -0.04423
 537     43.3940103006193    -0.04886
 538     43.3940713548197     0.08458
 539     43.3941324090201    -0.06855
 540     43.3941934632204     0.13087
 541     43.3942545174208     0.13003
 542     43.3943155716211     0.05738
 543     43.3943766258215     0.21080
 544     43.3944376800219    -0.04467
 545     43.3944987342222    -0.12119
 546     43.3945597884226     0.08505
 547     43.3946208426229    -0.13332
 548     43.3946818968233     0.04791
 549     43.3947429510237    -0.05475
 550     43.3948040052240    -0.00593
 551     43.3948650594244     0.02076
 552     43.3949261136247     0.17529
 553     43.3949871678251    -0.14378
 554     43.3950482220255    -0.05141
 555     43.3951092762258     0.02546
 556     43.3951703304262    -0.02339
 557     43.3952313846265     0.04453
 558     43.3952924388269     0.16638
 559     43.3953534930273    -0.02739
 560     43.3954145472276    -0.05083
 561     43.3954756014280    -0.02124
 562     43.3955366556283     0.03138
 563     43.3955977098287     0.01234
 564     43.3956587640291    -0.05551
 565     43.3957198182294     0.02924
 566     43.3957808724298     0.01224
 567     43.3958419266301    -0.00652
 568     43.3959029808305    -0.09405
 569     43.3959640350309     0.22801
 570     43.3960250892312    -0.11142
 571     43.3960861434316    -0.13459
 572     43.3961471976319     0.02449
 573     43.3962082518323     0.04259
 574     43.3962693060326    -0.08537
 575     43.3963303602330     0.01233
 576     43.3963914144334    -0.01935
 577     43.3964524686337     0.20110
 578     43.3965135228341    -0.02803
 579     43.3965745770344    -0.09720
 580     43.3966356312348     0.08284
 581     43.3966966854352     0.02656
 582     43.3967577396355    -0.06237
 583     43.3968187938359     0.23751
 584     43.3968798480362    -0.03971
 585     43.3969409022366    -0.09917
 586     43.3970019564370    -0.20067
 587     43.3970630106373     0.02055
 588     43.3971240648377     0.06729
 589     43.3971851190380    -0.20495
 590     43.3972461732384     0.01877
 591     43.3973072274387     0.01451
 592     43.3973682816391     0.19046
 593     43.3974293358395     0.12352
 594     43.3974903900398     0.02758
 595     43.3975514442402    -0.04607
 596     43.3976124984405     0.12866
 597     43.3976735526409    -0.03453
 598     43.3977346068413    -0.15510
 599     43.3977956610416     0.10916
 600     43.3978567152420     0.08009
 601     43.3979177694423    -0.01765
 602     43.3979788236427    -0.05346
 603     43.3980398778431    -0.02039
 604     43.3981009320434    -0.13485
 605     43.3981619862438    -0.10409
 606     43.3982230404441     0.01199
 607     43.3982840946445    -0.05969
 608     43.3983451488449    -0.11227
 609     43.3984062030452     0.00764
 610     43.3984672572456     0.21697
 611     43.3985283114459     0.03275
 612     43.3985893656463     0.12917
 613     43.3986504198467    -0.09448
 614     43.3987114740470     0.08775
 615     43.3987725282474     0.16457
 616     43.3988335824477     0.00482
 617     43.3988946366481     0.04214
 618     43.3989556908485     0.03911
 619     43.3990167450488     0.05326
 620     43.3990777992492    -0.04962
 621     43.3991388534495    -0.00498
 622     43.3991999076499    -0.17531
 623     43.3992609618503     0.11730
 624     43.3993220160506    -0.06021
 625     43.3993830702510     0.05762
 626     43.3994441244513    -0.03370
 627     43.3995051786517     0.32440
 628     43.3995662328520     0.07065
 629     43.3996272870524    -0.12151
 630     43.3996883412528     0.24557
 631     43.3997493954531    -0.08924
 632     43.3998104496535     0.05826
 633     43.3998715038538     0.08179
 634     43.3999325580542    -0.01700
 635     43.3999936122546     0.12248
 636     43.4000546664549     0.10130
 637     43.4001157206553    -0.09901
 638     43.4001767748556    -0.13470
 639     43.4002378290560     0.09905
 640     43.4002988832564     0.04108
 641     43.4003599374567     0.17756
 642     43.4004209916571     0.08133
 643     43.4004820458574    -0.09535
 644     43.4005431000578    -0.05510
 645     43.4006041542582     0.01918
 646     43.4006652084585    -0.24409
 647     43.4007262626589     0.22516
 648     43.4007873168592    -0.13130
 649     43.4008483710596    -0.07757
 650     43.4009094252600     0.13241
 651     43.4009704794603     0.26674
 652     43.4010315336607     0.03107
 653     43.4010925878610     0.07065
 654     43.4011536420614    -0.15236
 655     43.4012146962618     0.06461
 656     43.4012757504621     0.04538
 657     43.4013368046625    -0.24865
 658     43.4013978588628     0.06117
 659     43.4014589130632    -0.05316
 660     43.4015199672636     0.09199
 661     43.4015810214639    -0.03831
 662     43.4016420756643    -0.02700
 663     43.4017031298646     0.20859
 664     43.4017641840650    -0.01484
 665     43.4018252382653     0.06926
 666     43.4018862924657    -0.04411
 667     43.4019473466661     0.01117
 668     43.4020084008664     0.07406
 669     43.4020694550668    -0.13658
 670     43.4021305092671    -0.02768
 671     43.4021915634675    -0.01495
 672     43.4022526176679     0.08161
 673     43.4023136718682    -0.01920
 674     43.4023747260686     0.18550
 675     43.4024357802689     0.02057
 676     43.4024968344693    -0.03731
 677     43.4025578886697    -0.13381
 678     43.4026189428700    -0.12421
 679     43.4026799970704    -0.02847
 680     43.4027410512707    -0.12327
 681     43.4028021054711    -0.05519
 682     43.4028631596715     0.08591
 683     43.4029242138718    -0.26617
 684     43.4029852680722     0.03085
 685     43.4030463222725     0.02325
 686     43.4031073764729     0.01092
 687     43.4031684306733     0.06685
 688     43.4032294848736     0.07020
 689     43.4032905390740    -0.17430
 690     43.4033515932743    -0.15500
 691     43.4034126474747    -0.07387
 692     43.4034737016751    -0.02169
 693     43.4035347558754    -0.03965
 694     43.4035958100758    -0.05536
 695     43.4036568642761     0.16750
 696     43.4037179184765     0.04579
 697     43.4037789726769     0.21604
 698     43.4038400268772    -0.06053
 699     43.4039010810776     0.15056
 700     43.4039621352779    -0.00388
 701     43.4040231894783    -0.15475
 702     43.4040842436786    -0.06407
 703     43.4041452978790    -0.11864
 704     43.4042063520794     0.07115
 705     43.4042674062797    -0.11366
 706     43.4043284604801    -0.06947
 707     43.4043895146804    -0.07484
 708     43.4044505688808     0.03776
 709     43.4045116230812    -0.19119
 710     43.4045726772815     0.11001
 711     43.4046337314819    -0.03689
 712     43.4046947856822    -0.05424
 713     43.4047558398826    -0.06783
 714     43.4048168940830     0.22392
 715     43.4048779482833    -0.04047
 716     43.4049390024837    -0.23383
 717     43.4050000566840    -0.09904
 718     43.4050611108844    -0.03719
 719     43.4051221650848    -0.22054
 720     43.4051832192851     0.11144
 721     43.4052442734855    -0.18661
 722     43.4053053276858    -0.05975
 723     43.4053663818862    -0.00059
 724     43.4054274360865    -0.06557
 725     43.4054884902869     0.04650
 726     43.4055495444873    -0.19783
 727     43.4056105986876    -0.06395
 728     43.4056716528880     0.02429
 729     43.4057327070883     0.05358
 730     43.4057937612887    -0.13165
 731     43.4058548154891     0.04423
 732     43.4059158696894     0.08836
 733     43.4059769238898    -0.07837
 734     43.4060379780901     0.04970
 735     43.4060990322905    -0.05045
 736     43.4061600864909     0.01248
 737     43.4062211406912    -0.01982
 738     43.4062821948916     0.04481
 739     43.4063432490919     0.07262
 740     43.4064043032923    -0.10373
 741     43.4064653574927     0.15410
 742     43.4065264116930    -0.03037
 743     43.4065874658934    -0.06303
 744     43.4066485200937    -0.04814
 745     43.4067095742941     0.07650
 746     43.4067706284945     0.02676
 747     43.4068316826948     0.06662
 748     43.4068927368952    -0.01061
 749     43.4069537910955     0.17501
 750     43.4070148452959     0.09865
 751     43.4070758994963     0.04229
 752     43.4071369536966     0.04810
 753     43.4071980078970    -0.15247
 754     43.4072590620973     0.06146
 755     43.4073201162977    -0.03918
 756     43.4073811704980     0.03396
 757     43.4074422246984     0.20586
 758     43.4075032788988    -0.10414
 759     43.4075643330991    -0.13684
 760     43.4076253872995     0.12305
 761     43.4076864414998    -0.05991
 762     43.4077474957002     0.11369
 763     43.4078085499006    -0.05208
 764     43.4078696041009     0.13331
 765     43.4079306583013    -0.09891
 766     43.4079917125016     0.05512
 767     43.4080527667020    -0.10732
 768     43.4081138209024     0.25110
 769     43.4081748751027     0.01685
 770     43.4082359293031    -0.00851
 771     43.4082969835034     0.09820
 772     43.4083580377038    -0.00017
 773     43.4084190919042    -0.03617
 774     43.4084801461045    -0.08408
 775     43.4085412003049    -0.06013
 776     43.4086022545052     0.00634
 777     43.4086633087056    -0.03837
 778     43.4087243629060    -0.05454
 779     43.4087854171063    -0.11404
 780     43.4088464713067    -0.06961
 781     43.4089075255070     0.19393
 782     43.4089685797074     0.00107
 783     43.4090296339078    -0.11156
 784     43.4090906881081    -0.00374
 785     43.4091517423085    -0.07776
 786     43.4092127965088    -0.03908
 787     43.4092738507092     0.04324
 788     43.4093349049096    -0.16993
 789     43.4093959591099    -0.00119
 790     43.4094570133103     0.10819
 791     43.4095180675106    -0.02509
 792     43.4095791217110    -0.05499
 793     43.4096401759113     0.11684
 794     43.4097012301117     0.16407
 795     43.4097622843121     0.02469
 796     43.4098233385124     0.21414
 797     43.4098843927128     0.01918
 798     43.4099454469131     0.00128
 799     43.4100065011135    -0.05742
 800     43.4100675553139     0.04980
 801     43.4101286095142    -0.07005
 802     43.4101896637146     0.02698
 803     43.4102507179149     0.01139
 804     43.4103117721153     0.04201
 805     43.4103728263157     0.03285
 806     43.4104338805160    -0.02482
 807     43.4104949347164     0.00119
 808     43.4105559889167     0.23141
 809     43.4106170431171     0.08127
 810     43.4106780973175    -0.04647
 811     43.4107391515178    -0.03817
 812     43.4108002057182    -0.03050
 813     43.4108612599185     0.03585
 814     43.4109223141189     0.10869
 815     43.4109833683193     0.00759
 816     43.4110444225196    -0.09021
 817     43.4111054767200    -0.12631
 818     43.4111665309203    -0.12968
 819     43.4112275851207     0.01752
 820     43.4112886393211    -0.06433
 821     43.4113496935214    -0.00072
 822     43.4114107477218    -0.06178
 823     43.4114718019221     0.02836
 824     43.4115328561225     0.08351
 825     43.4115939103229     0.02167
 826     43.4116549645232     0.12163
 827     43.4117160187236    -0.12037
 828     43.4117770729239    -0.11055
 829     43.4118381271243     0.15131
 830     43.4118991813247    -0.04669
 831     43.4119602355250     0.08479
 832     43.4120212897254    -0.04200
 833     43.4120823439257     0.05002
 834     43.4121433981261    -0.05829
 835     43.4122044523264     0.14568
 836     43.4122655065268     0.07318
 837     43.4123265607272     0.05679
 838     43.4123876149275     0.07451
 839     43.4124486691279     0.08343
 840     43.4125097233282     0.21015
 841     43.4125707775286     0.06342
 842     43.4126318317290    -0.08429
 843     43.4126928859293     0.03141
 844     43.4127539401297    -0.11074
 845     43.4128149943300    -0.07764
 846     43.4128760485304     0.08609
 847     43.4129371027308     0.09150
 848     43.4129981569311    -0.01268
 849     43.4130592111315     0.02863
 850     43.4131202653318    -0.08990
 851     43.4131813195322     0.08074
 852     43.4132423737326     0.00385
 853     43.4133034279329    -0.00453
 854     43.4133644821333    -0.03605
 855     43.4134255363336     0.05771
 856     43.4134865905340     0.02924
 857     43.4135476447344    -0.07324
 858     43.4136086989347     0.01007
 859     43.4136697531351     0.03133
 860     43.4137308073354     0.21039
 861     43.4137918615358    -0.00800
 862     43.4138529157362     0.00122
 863     43.4139139699365    -0.00397
 864     43.4139750241369     0.00039
 865     43.4140360783372     0.04952
 866     43.4140971325376     0.12573
 867     43.4141581867380    -0.17836
 868     43.4142192409383     0.03951
 869     43.4142802951387    -0.02994
 870     43.4143413493390    -0.14360
 871     43.4144024035394    -0.02276
 872     43.4144634577397    -0.08505
 873     43.4145245119401     0.19703
 874     43.4145855661405    -0.06328
 875     43.4146466203408     0.03522
 876     43.4147076745412     0.11891
 877     43.4147687287415    -0.09279
 878     43.4148297829419    -0.07486
 879     43.4148908371423     0.00772
 880     43.4149518913426    -0.06102
 881     43.4150129455430    -0.07401
 882     43.4150739997433     0.05462
 883     43.4151350539437    -0.02781
 884     43.4151961081441    -0.00090
 885     43.4152571623444     0.00520
 886     43.4153182165448     0.02317
 887     43.4153792707451    -0.12206
 888     43.4154403249455     0.01808
 889     43.4155013791459     0.01891
 890     43.4155624333462    -0.20594
 891     43.4156234875466    -0.08556
 892     43.4156845417469    -0.02347
 893     43.4157455959473    -0.00232
 894     43.4158066501477    -0.01464
 895     43.4158677043480    -0.07486
 896     43.4159287585484     0.16060
 897     43.4159898127487     0.02002
 898     43.4160508669491     0.02405
 899     43.4161119211495    -0.00167
 900     43.4161729753498    -0.07750
 901     43.4162340295502     0.00241
 902     43.4162950837505    -0.00865
 903     43.4163561379509    -0.02125
 904     43.4164171921513     0.04509
 905     43.4164782463516     0.01779
 906     43.4165393005520    -0.01145
 907     43.4166003547523     0.12656
 908     43.4166614089527    -0.03029
 909     43.4167224631530     0.07064
 910     43.4167835173534     0.07732
 911     43.4168445715538    -0.02287
 912     43.4169056257541     0.05937
 913     43.4169666799545    -0.06481
 914     43.4170277341548    -0.03258
 915     43.4170887883552     0.17978
 916     43.4171498425556     0.02631
 917     43.4172108967559    -0.15167
 918     43.4172719509563    -0.13911
 919     43.4173330051566     0.03995
 920     43.4173940593570     0.01639
 921     43.4174551135574     0.01575
 922     43.4175161677577    -0.04866
 923     43.4175772219581     0.00099
 924     43.4176382761584    -0.20164
 925     43.4176993303588    -0.08741
 926     43.4177603845592    -0.22234
 927     43.4178214387595     0.04487
 928     43.4178824929599    -0.05773
 929     43.4179435471602    -0.04476
 930     43.4180046013606     0.02148
 931     43.4180656555610     0.00445
 932     43.4181267097613     0.06753
 933     43.4181877639617     0.11103
 934     43.4182488181620     0.03263
 935     43.4183098723624     0.13372
 936     43.4183709265627     0.00347
 937     43.4184319807631    -0.08626
 938     43.4184930349635    -0.01809
 939     43.4185540891638     0.10674
 940     43.4186151433642     0.07782
 941     43.4186761975645     0.05073
 942     43.4187372517649     0.06408
 943     43.4187983059653     0.11259
 944     43.4188593601656    -0.21239
 945     43.4189204143660     0.03675
 946     43.4189814685663    -0.18790
 947     43.4190425227667    -0.06577
 948     43.4191035769671    -0.01471
 949     43.4191646311674     0.08004
 950     43.4192256853678     0.05765
 951     43.4192867395681     0.01547
 952     43.4193477937685    -0.19752
 953     43.4194088479689     0.01948
 954     43.4194699021692     0.09946
 955     43.4195309563696    -0.06553
 956     43.4195920105699    -0.00716
 957     43.4196530647703     0.07055
 958     43.4197141189707    -0.04318
 959     43.4197751731710     0.00685
 960     43.4198362273714     0.01985
 961     43.4198972815717     0.05402
 962     43.4199583357721     0.08221
 963     43.4200193899725     0.00645
 964     43.4200804441728    -0.15713
 965     43.4201414983732     0.03197
 966     43.4202025525735    -0.00875
 967     43.4202636067739    -0.19789
 968     43.4203246609743     0.08346
 969     43.4203857151746     0.10606
 970     43.4204467693750    -0.05502
 971     43.4205078235753     0.10006
 972     43.4205688777757    -0.07859
 973     43.4206299319760    -0.01764
 974     43.4206909861764     0.01990
 975     43.4207520403768     0.03122
 976     43.4208130945771    -0.00645
 977     43.4208741487775     0.06862
 978     43.4209352029778     0.08098
 979     43.4209962571782    -0.14215
 980     43.4210573113786    -0.10189
 981     43.4211183655789    -0.09562
 982     43.4211794197793     0.13405
 983     43.4212404739796    -0.27767
 984     43.4213015281800     0.02311
 985     43.4213625823804    -0.20254
 986     43.4214236365807    -0.08465
 987     43.4214846907811     0.05274
 988     43.4215457449814    -0.02249
 989     43.4216067991818    -0.03561
 990     43.4216678533822    -0.08145
 991     43.4217289075825     0.04281
 992     43.4217899617829    -0.00411
 993     43.4218510159832     0.00705
 994     43.4219120701836     0.03710
 995     43.4219731243840     0.01227
 996     43.4220341785843    -0.12383
 997     43.4220952327847     0.05171
 998     43.4221562869850    -0.00179
 999     43.4222173411854    -0.07215
1000     43.4222783953858     0.05769
1001     43.4223394495861    -0.00012
1002     43.4224005037865    -0.01737
1003     43.4224615579868    -0.06522
1004     43.4225226121872     0.07290
1005     43.4225836663876     0.00770
1006     43.4226447205879    -0.08149
1007     43.4227057747883     0.09672
1008     43.4227668289886     0.11781
1009     43.4228278831890    -0.20829
1010     43.4228889373894    -0.17470
1011     43.4229499915897     0.05744
1012     43.4230110457901    -0.07224
1013     43.4230720999904     0.00865
1014     43.4231331541908    -0.06003
1015     43.4231942083911    -0.37617
1016     43.4232552625915    -0.04241
1017     43.4233163167919    -0.01511
1018     43.4233773709922    -0.09455
1019     43.4234384251926    -0.05073
1020     43.4234994793929     0.00717
1021     43.4235605335933     0.12300
1022     43.4236215877937     0.07510
1023     43.4236826419940     0.13667
1024     43.4237436961944    -0.11254
1025     43.4238047503947    -0.09487
1026     43.4238658045951    -0.01219
1027     43.4239268587955     0.01632
1028     43.4239879129958     0.20258
1029     43.4240489671962    -0.00108
1030     43.4241100213965     0.07488
1031     43.4241710755969    -0.10169
1032     43.4242321297973     0.18461
1033     43.4242931839976    -0.06166
1034     43.4243542381980     0.04062
1035     43.4244152923983    -0.07144
1036     43.4244763465987     0.05106
1037     43.4245374007990    -0.02079
1038     43.4245984549994     0.00490
1039     43.4246595091998    -0.02014
1040     43.4247205634001     0.06577
1041     43.4247816176005     0.03525
1042     43.4248426718008     0.07631
1043     43.4249037260012    -0.05493
1044     43.4249647802016     0.00920
1045     43.4250258344019    -0.05579
1046     43.4250868886023     0.17085
1047     43.4251479428026    -0.06132
1048     43.4252089970030     0.15083
1049     43.4252700512034     0.01547
1050     43.4253311054037    -0.00718
1051     43.4253921596041    -0.04323
1052     43.4254532138044    -0.04638
1053     43.4255142680048    -0.18615
1054     43.4255753222052     0.10359
1055     43.4256363764055    -0.16174
1056     43.4256974306059     0.17774
1057     43.4257584848062    -0.08312
1058     43.4258195390066     0.21782
1059     43.4258805932070    -0.07097
1060     43.4259416474073    -0.01606
1061     43.4260027016077    -0.01784
1062     43.4260637558080    -0.23877
1063     43.4261248100084    -0.23326
1064     43.4261858642087     0.17819
1065     43.4262469184091    -0.02358
1066     43.4263079726095     0.06354
1067     43.4263690268098    -0.01645
1068     43.4264300810102     0.11557
1069     43.4264911352106    -0.02564
1070     43.4265521894109     0.07791
1071     43.4266132436113    -0.04186
1072     43.4266742978116     0.10456
1073     43.4267353520120    -0.00386
1074     43.4267964062124     0.12258
1075     43.4268574604127    -0.02902
1076     43.4269185146131    -0.03286
1077     43.4269795688134     0.04911
1078     43.4270406230138    -0.05678
1079     43.4271016772141     0.08790
1080     43.4271627314145     0.01987
1081     43.4272237856149     0.09840
1082     43.4272848398152     0.26402
1083     43.4273458940156    -0.01884
1084     43.4274069482159    -0.04188
1085     43.4274680024163    -0.05935
1086     43.4275290566167     0.09986
1087     43.4275901108170    -0.04666
1088     43.4276511650174     0.05276
1089     43.4277122192177    -0.06686
1090     43.4277732734181     0.12461
1091     43.4278343276185     0.16379
1092     43.4278953818188     0.00065
1093     43.4279564360192     0.09373
1094     43.4280174902195     0.17821
1095     43.4280785444199     0.12690
1096     43.4281395986203    -0.05430
1097     43.4282006528206    -0.02086
1098     43.4282617070210     0.11845
1099     43.4283227612213    -0.01429
1100     43.4283838154217    -0.00848
1101     43.4284448696221    -0.14591
1102     43.4285059238224     0.04365
1103     43.4285669780228    -0.02209
1104     43.4286280322231     0.20783
1105     43.4286890864235     0.02396
1106     43.4287501406238    -0.03409
1107     43.4288111948242     0.04198
1108     43.4288722490246    -0.08874
1109     43.4289333032249    -0.00213
1110     43.4289943574253    -0.08786
1111     43.4290554116257     0.17211
1112     43.4291164658260    -0.01501
1113     43.4291775200264     0.11017
1114     43.4292385742267    -0.01741
1115     43.4292996284271    -0.13772
1116     43.4293606826274     0.05939
1117     43.4294217368278    -0.08642
1118     43.4294827910282     0.14270
1119     43.4295438452285     0.04271
1120     43.4296048994289     0.04537
1121     43.4296659536292    -0.07030
1122     43.4297270078296     0.01484
1123     43.4297880620300     0.15237
1124     43.4298491162303    -0.10419
1125     43.4299101704307    -0.09504
1126     43.4299712246310     0.00632
1127     43.4300322788314     0.09977
1128     43.4300933330318     0.03823
1129     43.4301543872321    -0.06167
1130     43.4302154414325    -0.10644
1131     43.4302764956328     0.15574
1132     43.4303375498332     0.01869
1133     43.4303986040336     0.05184
1134     43.4304596582339    -0.11234
1135     43.4305207124343     0.00236
1136     43.4305817666346    -0.04975
1137     43.4306428208350    -0.03165
1138     43.4307038750354     0.08273
1139     43.4307649292357     0.03629
1140     43.4308259834361    -0.12194
1141     43.4308870376364     0.08706
1142     43.4309480918368     0.04724
1143     43.4310091460371    -0.01747
1144     43.4310702002375     0.11754
1145     43.4311312544379     0.12344
1146     43.4311923086382     0.05085
1147     43.4312533628386    -0.03027
1148     43.4313144170389    -0.01222
1149     43.4313754712393     0.02296
1150     43.4314365254397     0.00659
1151     43.4314975796400     0.03100
1152     43.4315586338404    -0.02389
1153     43.4316196880407    -0.03810
1154     43.4316807422411    -0.12058
1155     43.4317417964415     0.08063
1156     43.4318028506418    -0.14139
1157     43.4318639048422     0.07919
1158     43.4319249590425    -0.03999
1159     43.4319860132429    -0.01653
1160     43.4320470674433    -0.00790
1161     43.4321081216436    -0.04949
1162     43.4321691758440     0.08357
1163     43.4322302300443     0.13358
1164     43.4322912842447     0.08832
1165     43.4323523384451     0.02463
1166     43.4324133926454     0.10250
1167     43.4324744468458     0.12559
1168     43.4325355010461    -0.04157
1169     43.4325965552465     0.22170
1170     43.4326576094469    -0.01629
1171     43.4327186636472    -0.10978
1172     43.4327797178476    -0.07530
1173     43.4328407720479    -0.00932
1174     43.4329018262483    -0.12133
1175     43.4329628804487     0.08885
1176     43.4330239346490     0.12008
1177     43.4330849888494    -0.03762
1178     43.4331460430497    -0.00990
1179     43.4332070972501    -0.18100
1180     43.4332681514504     0.01721
1181     43.4333292056508     0.04122
1182     43.4333902598512    -0.16297
1183     43.4334513140515    -0.03809
1184     43.4335123682519     0.01369
1185     43.4335734224522    -0.21824
1186     43.4336344766526    -0.13280
1187     43.4336955308530     0.05066
1188     43.4337565850533     0.01721
1189     43.4338176392537     0.06545
1190     43.4338786934540    -0.08599
1191     43.4339397476544    -0.01566
1192     43.4340008018548     0.00008
1193     43.4340618560551    -0.05292
1194     43.4341229102555     0.00509
1195     43.4341839644558     0.02011
1196     43.4342450186562    -0.06803
1197     43.4343060728566    -0.11037
1198     43.4343671270569    -0.06333
1199     43.4344281812573     0.14883
1200     43.4344892354576    -0.21015
1201     43.4345502896580     0.04810
1202     43.4346113438584    -0.01597
1203     43.4346723980587    -0.05127
1204     43.4347334522591     0.05108
1205     43.4347945064594    -0.07823
1206     43.4348555606598    -0.15410
1207     43.4349166148601    -0.07820
1208     43.4349776690605     0.10995
1209     43.4350387232609     0.02832
1210     43.4350997774612    -0.02158
1211     43.4351608316616    -0.14444
1212     43.4352218858619     0.07872
1213     43.4352829400623    -0.11079
1214     43.4353439942627     0.04077
1215     43.4354050484630     0.09790
1216     43.4354661026634    -0.10547
1217     43.4355271568637    -0.01661
1218     43.4355882110641    -0.10373
1219     43.4356492652645     0.01456
1220     43.4357103194648    -0.02195
1221     43.4357713736652     0.01947
1222     43.4358324278655     0.23497
1223     43.4358934820659     0.06686
1224     43.4359545362663    -0.14186
1225     43.4360155904666    -0.12792
1226     43.4360766446670    -0.03178
1227     43.4361376988673    -0.04679
1228     43.4361987530677     0.17480
1229     43.4362598072681     0.06226
1230     43.4363208614684     0.08933
1231     43.4363819156688     0.02410
1232     43.4364429698691     0.24936
1233     43.4365040240695    -0.10387
1234     43.4365650782699    -0.01897
1235     43.4366261324702     0.04095
1236     43.4366871866706     0.10527
1237     43.4367482408709     0.03043
1238     43.4368092950713     0.03922
1239     43.4368703492717     0.05173
1240     43.4369314034720     0.06040
1241     43.4369924576724    -0.01532
1242     43.4370535118727    -0.09712
1243     43.4371145660731    -0.14797
1244     43.4371756202735    -0.17327
1245     43.4372366744738     0.06582
1246     43.4372977286742     0.01640
1247     43.4373587828745     0.05809
1248     43.4374198370749    -0.00230
1249     43.4374808912752     0.10593
1250     43.4375419454756    -0.11717
1251     43.4376029996760    -0.07154
1252     43.4376640538763     0.19345
1253     43.4377251080767    -0.17432
1254     43.4377861622770     0.10919
1255     43.4378472164774    -0.03951
1256     43.4379082706778     0.06830
1257     43.4379693248781    -0.00342
1258     43.4380303790785     0.02108
1259     43.4380914332788     0.07633
1260     43.4381524874792     0.01120
1261     43.4382135416796    -0.04193
1262     43.4382745958799    -0.04596
1263     43.4383356500803    -0.09485
1264     43.4383967042806    -0.07430
1265     43.4384577584810     0.06619
1266     43.4385188126814     0.09608
1267     43.4385798668817     0.01986
1268     43.4386409210821    -0.14677
1269     43.4387019752824     0.05090
1270     43.4387630294828     0.01730
1271     43.4388240836832    -0.07373
1272     43.4388851378835     0.06911
1273     43.4389461920839    -0.11898
1274     43.4390072462842    -0.12092
1275     43.4390683004846    -0.04658
1276     43.4391293546850    -0.00207
1277     43.4391904088853     0.10083
1278     43.4392514630857    -0.08920
1279     43.4393125172860    -0.19506
1280     43.4393735714864     0.03563
1281     43.4394346256868     0.12346
1282     43.4394956798871     0.03491
1283     43.4395567340875    -0.03511
1284     43.4396177882878    -0.01202
1285     43.4396788424882    -0.04777
1286     43.4397398966886    -0.19267
1287     43.4398009508889    -0.14012
1288     43.4398620050893     0.15149
1289     43.4399230592896    -0.10772
1290     43.4399841134900     0.10620
1291     43.4400451676904     0.00563
1292     43.4401062218907    -0.16959
1293     43.4401672760911    -0.01641
1294     43.4402283302914     0.03634
1295     43.4402893844918    -0.03122
1296     43.4403504386921    -0.04805
1297     43.4404114928925    -0.07678
1298     43.4404725470929    -0.14934
1299     43.4405336012932    -0.03488
1300     43.4405946554936     0.06061
1301     43.4406557096939     0.03670
1302     43.4407167638943     0.05244
1303     43.4407778180947     0.01329
1304     43.4408388722950     0.08085
1305     43.4408999264954    -0.18764
1306     43.4409609806957    -0.04292
1307     43.4410220348961     0.07859
1308     43.4410830890965     0.00435
1309     43.4411441432968     0.06660
1310     43.4412051974972     0.07545
1311     43.4412662516975    -0.07521
1312     43.4413273058979     0.11876
1313     43.4413883600983    -0.02080
1314     43.4414494142986     0.09071
1315     43.4415104684990    -0.12685
1316     43.4415715226993     0.09779
1317     43.4416325768997     0.04276
1318     43.4416936311001    -0.00205
1319     43.4417546853004     0.03553
1320     43.4418157395008    -0.04296
1321     43.4418767937011     0.00844
1322     43.4419378479015     0.01490
1323     43.4419989021019    -0.05887
1324     43.4420599563022    -0.10883
1325     43.4421210105026    -0.04508
1326     43.4421820647029     0.08180
1327     43.4422431189033    -0.02608
1328     43.4423041731036     0.08984
1329     43.4423652273040    -0.04568
1330     43.4424262815044     0.13635
1331     43.4424873357047     0.14615
1332     43.4425483899051    -0.05162
1333     43.4426094441054    -0.06038
1334     43.4426704983058     0.15734
1335     43.4427315525062    -0.10748
1336     43.4427926067065    -0.11815
1337     43.4428536609069     0.03425
1338     43.4429147151072     0.08666
1339     43.4429757693076    -0.10048
1340     43.4430368235080     0.05438
1341     43.4430978777083    -0.00366
1342     43.4431589319087    -0.04260
1343     43.4432199861090    -0.04907
1344     43.4432810403094    -0.12091
1345     43.4433420945098    -0.13386
1346     43.4434031487101    -0.11016
1347     43.4434642029105    -0.14930
1348     43.4435252571108     0.06352
1349     43.4435863113112    -0.06153
1350     43.4436473655115     0.08266
1351     43.4437084197119     0.10102
1352     43.4437694739123     0.05020
1353     43.4438305281126    -0.11902
1354     43.4438915823130     0.08063
1355     43.4439526365133     0.11270
1356     43.4440136907137     0.15564
1357     43.4440747449141    -0.03446
1358     43.4441357991144     0.05722
1359     43.4441968533148    -0.08026
1360     43.4442579075151     0.10314
1361     43.4443189617155     0.05259
1362     43.4443800159159     0.02499
1363     43.4444410701162     0.02782
1364     43.4445021243166     0.20997
1365     43.4445631785169    -0.06695
1366     43.4446242327173    -0.02868
1367     43.4446852869177     0.07817
1368     43.4447463411180    -0.11981
1369     43.4448073953184    -0.05303
1370     43.4448684495187     0.02465
1371     43.4449295037191     0.07867
1372     43.4449905579195    -0.03538
1373     43.4450516121198     0.01440
1374     43.4451126663202     0.01893
1375     43.4451737205205    -0.14472
1376     43.4452347747209    -0.02089
1377     43.4452958289213     0.09644
1378     43.4453568831216    -0.08249
1379     43.4454179373220     0.01252
1380     43.4454789915223     0.15780
1381     43.4455400457227     0.05142
1382     43.4456010999231     0.06739
1383     43.4456621541234     0.02691
1384     43.4457232083238     0.09326
1385     43.4457842625241    -0.03789
1386     43.4458453167245     0.03657
1387     43.4459063709248    -0.02079
1388     43.4459674251252     0.03599
1389     43.4460284793256    -0.15500
1390     43.4460895335259    -0.20029
1391     43.4461505877263     0.03561
1392     43.4462116419266    -0.08881
1393     43.4462726961270    -0.02210
1394     43.4463337503274     0.01217
1395     43.4463948045277     0.02938
1396     43.4464558587281     0.08137
1397     43.4465169129284    -0.06789
1398     43.4465779671288    -0.04652
1399     43.4466390213292     0.01752
1400     43.4467000755295    -0.21285
1401     43.4467611297299     0.03254
1402     43.4468221839302    -0.00175
1403     43.4468832381306     0.11797
1404     43.4469442923310     0.05333
1405     43.4470053465313     0.03362
1406     43.4470664007317    -0.02330
1407     43.4471274549320     0.01526
1408     43.4471885091324    -0.18301
1409     43.4472495633328    -0.00240
1410     43.4473106175331     0.05365
1411     43.4473716717335    -0.12904
1412     43.4474327259338    -0.26456
1413     43.4474937801342    -0.10972
1414     43.4475548343346     0.14493
1415     43.4476158885349    -0.01786
1416     43.4476769427353     0.04079
1417     43.4477379969356    -0.12493
1418     43.4477990511360    -0.00628
1419     43.4478601053364    -0.13874
1420     43.4479211595367     0.10150
1421     43.4479822137371    -0.04420
1422     43.4480432679374     0.02141
1423     43.4481043221378     0.12662
1424     43.4481653763381     0.04439
1425     43.4482264305385     0.02830
1426     43.4482874847389     0.08667
1427     43.4483485389392    -0.06225
1428     43.4484095931396     0.04981
1429     43.4484706473399     0.04796
1430     43.4485317015403     0.09418
1431     43.4485927557407    -0.06732
1432     43.4486538099410    -0.02298
1433     43.4487148641414     0.15427
1434     43.4487759183417     0.04385
1435     43.4488369725421    -0.19252
1436     43.4488980267425     0.13351
1437     43.4489590809428    -0.10103
1438     43.4490201351432    -0.03186
1439     43.4490811893435     0.17785
1440     43.4491422435439    -0.09375
1441     43.4492032977443     0.14629
1442     43.4492643519446     0.01168
1443     43.4493254061450    -0.05070
1444     43.4493864603453     0.04790
1445     43.4494475145457     0.03402
1446     43.4495085687461     0.17028
1447     43.4495696229464    -0.05582
1448     43.4496306771468     0.24068
1449     43.4496917313471    -0.06797
1450     43.4497527855475    -0.10088
1451     43.4498138397479    -0.03423
1452     43.4498748939482    -0.21675
1453     43.4499359481486    -0.00327
1454     43.4499970023489     0.10062
1455     43.4500580565493     0.03922
1456     43.4501191107497    -0.06119
1457     43.4501801649500     0.01570
1458     43.4502412191504    -0.13002
1459     43.4503022733507     0.08679
1460     43.4503633275511    -0.04223
1461     43.4504243817514    -0.07577
1462     43.4504854359518    -0.00383
1463     43.4505464901522     0.02875
1464     43.4506075443525     0.21299
1465     43.4506685985529    -0.12738
1466     43.4507296527532    -0.06100
1467     43.4507907069536     0.02607
1468     43.4508517611540     0.02770
1469     43.4509128153543    -0.01766
1470     43.4509738695547     0.16048
1471     43.4510349237550    -0.10090
1472     43.4510959779554     0.01258
1473     43.4511570321558    -0.08207
1474     43.4512180863561    -0.04450
1475     43.4512791405565    -0.09183
1476     43.4513401947568    -0.16993
1477     43.4514012489572    -0.02562
1478     43.4514623031576     0.13585
1479     43.4515233573579     0.00775
1480     43.4515844115583    -0.12192
1481     43.4516454657586    -0.07161
1482     43.4517065199590    -0.17439
1483     43.4517675741593    -0.13086
1484     43.4518286283597    -0.09416
1485     43.4518896825601     0.05435
1486     43.4519507367604     0.17936
1487     43.4520117909608    -0.04440
1488     43.4520728451611     0.09128
1489     43.4521338993615    -0.09613
1490     43.4521949535619    -0.03670
1491     43.4522560077622     0.04535
1492     43.4523170619626     0.03599
1493     43.4523781161629     0.22369
1494     43.4524391703633     0.07243
1495     43.4525002245637    -0.04970
1496     43.4525612787640     0.01376
1497     43.4526223329644     0.09605
1498     43.4526833871647     0.08829
1499     43.4527444413651     0.04851
1500     43.4528054955655    -0.00465
1501     43.4528665497658    -0.01773
1502     43.4529276039662     0.09383
1503     43.4529886581665     0.09647
1504     43.4530497123669    -0.02454
1505     43.4531107665673     0.10214
1506     43.4531718207676     0.05018
1507     43.4532328749680    -0.11580
1508     43.4532939291683     0.08638
1509     43.4533549833687    -0.06094
1510     43.4534160375691    -0.19849
1511     43.4534770917694     0.16310
1512     43.4535381459698     0.08208
1513     43.4535992001701     0.12947
1514     43.4536602543705     0.20896
1515     43.4537213085708     0.04334
1516     43.4537823627712     0.04248
1517     43.4538434169716     0.10137
1518     43.4539044711719    -0.07213
1519     43.4539655253723    -0.06671
1520     43.4540265795726     0.05003
1521     43.4540876337730    -0.00198
1522     43.4541486879734    -0.02836
1523     43.4542097421737     0.00351
1524     43.4542707963741    -0.04775
1525     43.4543318505744    -0.03398
1526     43.4543929047748    -0.00048
1527     43.4544539589752    -0.10086
1528     43.4545150131755     0.03887
1529     43.4545760673759    -0.25665
1530     43.4546371215762     0.11861
1531     43.4546981757766    -0.07352
1532     43.4547592299770     0.04578
1533     43.4548202841773    -0.01168
1534     43.4548813383777    -0.02930
1535     43.4549423925780     0.15616
1536     43.4550034467784     0.14572
1537     43.4550645009788     0.02263
1538     43.4551255551791    -0.00072
1539     43.4551866093795     0.02759
1540     43.4552476635798    -0.07620
1541     43.4553087177802     0.04955
1542     43.4553697719806     0.03755
1543     43.4554308261809    -0.10405
1544     43.4554918803813     0.13799
1545     43.4555529345816    -0.06033
1546     43.4556139887820     0.12113
1547     43.4556750429824    -0.06488
1548     43.4557360971827    -0.00560
1549     43.4557971513831    -0.09242
1550     43.4558582055834     0.01641
1551     43.4559192597838     0.12932
1552     43.4559803139841    -0.07949
1553     43.4560413681845    -0.06029
1554     43.4561024223849     0.16046
1555     43.4561634765852     0.07273
1556     43.4562245307856    -0.03592
1557     43.4562855849859     0.04298
1558     43.4563466391863     0.09235
1559     43.4564076933867     0.09512
1560     43.4564687475870     0.02183
1561     43.4565298017874    -0.05444
1562     43.4565908559877     0.03787
1563     43.4566519101881     0.03217
1564     43.4567129643885     0.07492
1565     43.4567740185888     0.09368
1566     43.4568350727892    -0.16564
1567     43.4568961269895    -0.10831
1568     43.4569571811899     0.12197
1569     43.4570182353903     0.10009
1570     43.4570792895906    -0.02074
1571     43.4571403437910     0.05033
1572     43.4572013979913     0.02400
1573     43.4572624521917     0.11246
1574     43.4573235063921    -0.12381
1575     43.4573845605924     0.03174
1576     43.4574456147928     0.08961
1577     43.4575066689931     0.15307
1578     43.4575677231935    -0.08194
1579     43.4576287773939     0.09894
1580     43.4576898315942    -0.02229
1581     43.4577508857946    -0.08412
1582     43.4578119399949    -0.17897
1583     43.4578729941953    -0.09964
1584     43.4579340483957    -0.01184
1585     43.4579951025960     0.14405
1586     43.4580561567964     0.02494
1587     43.4581172109967     0.06155
1588     43.4581782651971    -0.09972
1589     43.4582393193975    -0.03186
1590     43.4583003735978     0.14028
1591     43.4583614277982    -0.09542
1592     43.4584224819985    -0.05597
1593     43.4584835361989    -0.16500
1594     43.4585445903992     0.16326
1595     43.4586056445996    -0.03892
1596     43.4586666988000    -0.05375
1597     43.4587277530003    -0.01172
1598     43.4587888072007    -0.16567
1599     43.4588498614010    -0.14210
1600     43.4589109156014     0.07538
1601     43.4589719698018    -0.07029
1602     43.4590330240021    -0.10855
1603     43.4590940782025     0.02474
1604     43.4591551324028     0.10642
1605     43.4592161866032     0.07762
1606     43.4592772408036     0.03086
1607     43.4593382950039     0.08961
1608     43.4593993492043     0.00142
1609     43.4594604034046    -0.07143
1610     43.4595214576050     0.06535
1611     43.4595825118054     0.22906
1612     43.4596435660057     0.19364
1613     43.4597046202061     0.09599
1614     43.4597656744064     0.04310
1615     43.4598267286068     0.13540
1616     43.4598877828072    -0.06457
1617     43.4599488370075     0.00678
1618     43.4600098912079    -0.00307
1619     43.4600709454082    -0.10941
1620     43.4601319996086     0.02458
1621     43.4601930538090    -0.05310
1622     43.4602541080093     0.08545
1623     43.4603151622097    -0.06955
1624     43.4603762164100     0.12266
1625     43.4604372706104    -0.04999
1626     43.4604983248108    -0.05736
1627     43.4605593790111    -0.02481
1628     43.4606204332115     0.06982
1629     43.4606814874118     0.07405
1630     43.4607425416122     0.07409
1631     43.4608035958125    -0.14182
1632     43.4608646500129    -0.05640
1633     43.4609257042133     0.00160
1634     43.4609867584136    -0.08557
1635     43.4610478126140    -0.11751
1636     43.4611088668143     0.20806
1637     43.4611699210147    -0.16098
1638     43.4612309752151    -0.08971
1639     43.4612920294154    -0.05499
1640     43.4613530836158     0.07746
1641     43.4614141378161    -0.06948
1642     43.4614751920165    -0.05992
1643     43.4615362462169     0.00312
1644     43.4615973004172     0.08500
1645     43.4616583546176    -0.00775
1646     43.4617194088179    -0.06924
1647     43.4617804630183    -0.05537
1648     43.4618415172187     0.15661
1649     43.4619025714190     0.11194
1650     43.4619636256194    -0.02888
1651     43.4620246798197     0.00602
1652     43.4620857340201     0.10857
1653     43.4621467882205     0.12300
1654     43.4622078424208    -0.20031
1655     43.4622688966212    -0.01697
1656     43.4623299508215     0.16537
1657     43.4623910050219     0.18141
1658     43.4624520592222    -0.18186
1659     43.4625131134226     0.03149
1660     43.4625741676230    -0.05884
1661     43.4626352218233    -0.29642
1662     43.4626962760237     0.04069
1663     43.4627573302241    -0.07407
1664     43.4628183844244    -0.04315
1665     43.4628794386248     0.04437
1666     43.4629404928251    -0.00774
1667     43.4630015470255    -0.16692
1668     43.4630626012258    -0.13564
1669     43.4631236554262    -0.00851
1670     43.4631847096266    -0.01486
1671     43.4632457638269    -0.17862
1672     43.4633068180273    -0.00947
1673     43.4633678722276    -0.08127
1674     43.4634289264280    -0.10543
1675     43.4634899806284    -0.00101
1676     43.4635510348287     0.02446
1677     43.4636120890291     0.03582
1678     43.4636731432294    -0.23311
1679     43.4637341974298    -0.07450
1680     43.4637952516302     0.03204
1681     43.4638563058305    -0.16529
1682     43.4639173600309    -0.01616
1683     43.4639784142312     0.07078
1684     43.4640394684316     0.02839
1685     43.4641005226320    -0.04636
1686     43.4641615768323     0.06330
1687     43.4642226310327     0.06589
1688     43.4642836852330    -0.06402
1689     43.4643447394334    -0.01925
1690     43.4644057936338    -0.03011
1691     43.4644668478341    -0.14765
1692     43.4645279020345     0.00477
1693     43.4645889562348    -0.10844
1694     43.4646500104352     0.10046
1695     43.4647110646355    -0.01397
1696     43.4647721188359     0.23440
1697     43.4648331730363     0.08408
1698     43.4648942272366    -0.01887
1699     43.4649552814370    -0.12417
1700     43.4650163356373    -0.02469
1701     43.4650773898377     0.12104
1702     43.4651384440381    -0.01615
1703     43.4651994982384    -0.13520
1704     43.4652605524388     0.02803
1705     43.4653216066392     0.00552
1706     43.4653826608395     0.08141
1707     43.4654437150399     0.12097
1708     43.4655047692402     0.03799
1709     43.4655658234406     0.03878
1710     43.4656268776409     0.14586
1711     43.4656879318413    -0.25821
1712     43.4657489860417     0.02689
1713     43.4658100402420    -0.07104
1714     43.4658710944424    -0.13126
1715     43.4659321486427     0.09661
1716     43.4659932028431     0.02029
1717     43.4660542570435     0.01732
1718     43.4661153112438     0.02759
1719     43.4661763654442     0.00086
1720     43.4662374196445     0.02826
1721     43.4662984738449    -0.06722
1722     43.4663595280453    -0.14684
1723     43.4664205822456     0.02062
1724     43.4664816364460     0.07609
1725     43.4665426906463    -0.01274
1726     43.4666037448467    -0.02137
1727     43.4666647990471    -0.05072
1728     43.4667258532474    -0.01798
1729     43.4667869074478    -0.00608
1730     43.4668479616481    -0.00725
1731     43.4669090158485    -0.04002
1732     43.4669700700488     0.03357
1733     43.4670311242492    -0.00668
1734     43.4670921784496     0.13211
1735     43.4671532326499    -0.02854
1736     43.4672142868503     0.00375
1737     43.4672753410506    -0.13456
1738     43.4673363952510     0.00777
1739     43.4673974494514     0.10648
1740     43.4674585036517     0.07646
1741     43.4675195578521    -0.21909
1742     43.4675806120524    -0.09818
1743     43.4676416662528     0.04429
1744     43.4677027204532     0.01392
1745     43.4677637746535    -0.15554
1746     43.4678248288539    -0.11073
1747     43.4678858830542    -0.01452
1748     43.4679469372546     0.09498
1749     43.4680079914550    -0.05484
1750     43.4680690456553     0.20855
1751     43.4681300998557    -0.12287
1752     43.4681911540560    -0.12956
1753     43.4682522082564    -0.05233
1754     43.4683132624568     0.12886
1755     43.4683743166571    -0.06368
1756     43.4684353708575     0.01259
1757     43.4684964250578    -0.00033
1758     43.4685574792582     0.16293
1759     43.4686185334586     0.19206
1760     43.4686795876589    -0.15647
1761     43.4687406418593    -0.04710
1762     43.4688016960596     0.00642
1763     43.4688627502600    -0.08340
1764     43.4689238044604     0.06925
1765     43.4689848586607     0.08221
1766     43.4690459128611     0.03226
1767     43.4691069670614     0.04885
1768     43.4691680212618     0.14205
1769     43.4692290754622    -0.03353
1770     43.4692901296625    -0.00120
1771     43.4693511838629     0.03577
1772     43.4694122380632     0.02072
1773     43.4694732922636     0.00511
1774     43.4695343464639     0.01938
1775     43.4695954006643     0.05983
1776     43.4696564548647    -0.01537
1777     43.4697175090650     0.03800
1778     43.4697785632654    -0.06399
1779     43.4698396174657    -0.03577
1780     43.4699006716661    -0.16259
1781     43.4699617258665    -0.00358
1782     43.4700227800668     0.09788
1783     43.4700838342672     0.00101
1784     43.4701448884675    -0.19150
1785     43.4702059426679     0.01457
1786     43.4702669968683     0.10674
1787     43.4703280510686     0.01457
1788     43.4703891052690     0.07473
1789     43.4704501594693     0.04543
1790     43.4705112136697    -0.01220
1791     43.4705722678701    -0.00244
1792     43.4706333220704    -0.19456
1793     43.4706943762708    -0.06933
1794     43.4707554304711     0.07508
1795     43.4708164846715     0.14141
1796     43.4708775388719     0.13787
1797     43.4709385930722    -0.07503
1798     43.4709996472726     0.14247
1799     43.4710607014729     0.00686
1800     43.4711217556733    -0.00700
1801     43.4711828098736     0.07920
1802     43.4712438640740    -0.01193
1803     43.4713049182744    -0.20393
1804     43.4713659724747    -0.04406
1805     43.4714270266751     0.03671
1806     43.4714880808754    -0.04174
1807     43.4715491350758    -0.20156
1808     43.4716101892762     0.02620
1809     43.4716712434765    -0.10620
1810     43.4717322976769    -0.00451
1811     43.4717933518772    -0.15893
1812     43.4718544060776     0.05767
1813     43.4719154602780     0.09901
1814     43.4719765144783     0.02898
1815     43.4720375686787     0.03854
1816     43.4720986228790    -0.04475
1817     43.4721596770794    -0.02947
1818     43.4722207312798     0.00292
1819     43.4722817854801     0.04411
1820     43.4723428396805    -0.06796
1821     43.4724038938808     0.01953
1822     43.4724649480812    -0.16678
1823     43.4725260022815     0.07397
1824     43.4725870564819    -0.01162
1825     43.4726481106823     0.06226
1826     43.4727091648826    -0.09029
1827     43.4727702190830    -0.01785
1828     43.4728312732833     0.20151
1829     43.4728923274837    -0.04425
1830     43.4729533816841    -0.07675
1831     43.4730144358844     0.07325
1832     43.4730754900848    -0.04261
1833     43.4731365442852    -0.01275
1834     43.4731975984855    -0.06668
1835     43.4732586526859     0.15655
1836     43.4733197068862     0.05675
1837     43.4733807610866     0.07091
1838     43.4734418152869     0.02388
1839     43.4735028694873    -0.02814
1840     43.4735639236877    -0.17365
1841     43.4736249778880    -0.09421
1842     43.4736860320884     0.25230
1843     43.4737470862887     0.02380
1844     43.4738081404891     0.12950
1845     43.4738691946895     0.02415
1846     43.4739302488898     0.09888
1847     43.4739913030902    -0.07886
1848     43.4740523572905     0.07794
1849     43.4741134114909    -0.08982
1850     43.4741744656913     0.04014
1851     43.4742355198916    -0.02630
1852     43.4742965740920     0.04570
1853     43.4743576282923     0.07393
1854     43.4744186824927     0.08603
1855     43.4744797366931    -0.14188
1856     43.4745407908934     0.08528
1857     43.4746018450938     0.05532
1858     43.4746628992941    -0.08978
1859     43.4747239534945    -0.07465
1860     43.4747850076949     0.02592
1861     43.4748460618952    -0.02296
1862     43.4749071160956     0.03740
1863     43.4749681702959    -0.02970
1864     43.4750292244963    -0.02871
1865     43.4750902786966     0.06348
1866     43.4751513328970     0.19443
1867     43.4752123870974    -0.04626
1868     43.4752734412977    -0.01739
1869     43.4753344954981    -0.16724
1870     43.4753955496984     0.10539
1871     43.4754566038988    -0.06799
1872     43.4755176580992    -0.03683
1873     43.4755787122995     0.21595
1874     43.4756397664999    -0.01107
1875     43.4757008207002     0.10000
1876     43.4757618749006     0.01691
1877     43.4758229291010    -0.00432
1878     43.4758839833013     0.09046
1879     43.4759450375017     0.00936
1880     43.4760060917020    -0.09517
1881     43.4760671459024    -0.06639
1882     43.4761282001028    -0.00074
1883     43.4761892543031    -0.03455
1884     43.4762503085035    -0.08125
1885     43.4763113627038     0.04463
1886     43.4763724169042     0.18273
1887     43.4764334711046     0.00470
1888     43.4764945253049     0.05529
1889     43.4765555795053     0.14052
1890     43.4766166337056    -0.06264
1891     43.4766776879060    -0.00819
1892     43.4767387421064     0.01490
1893     43.4767997963067    -0.04904
1894     43.4768608505071    -0.02187
1895     43.4769219047074    -0.08676
1896     43.4769829589078     0.08559
1897     43.4770440131082    -0.15395
1898     43.4771050673085     0.00478
1899     43.4771661215089     0.04729
1900     43.4772271757092     0.02875
1901     43.4772882299096    -0.11145
1902     43.4773492841099     0.06014
1903     43.4774103383103     0.04061
1904     43.4774713925107    -0.08318
1905     43.4775324467110     0.04267
1906     43.4775935009114     0.07281
1907     43.4776545551117    -0.03701
1908     43.4777156093121     0.04718
1909     43.4777766635125     0.05351
1910     43.4778377177128    -0.04850
1911     43.4778987719132    -0.03231
1912     43.4779598261135    -0.07925
1913     43.4780208803139    -0.11316
1914     43.4780819345143    -0.01672
1915     43.4781429887146    -0.15061
1916     43.4782040429150    -0.03781
1917     43.4782650971153     0.12666
1918     43.4783261513157    -0.14152
1919     43.4783872055161     0.05469
1920     43.4784482597164    -0.03802
1921     43.4785093139168     0.12895
1922     43.4785703681171     0.04841
1923     43.4786314223175    -0.04939
1924     43.4786924765179     0.17904
1925     43.4787535307182    -0.04271
1926     43.4788145849186     0.03337
1927     43.4788756391189    -0.17382
1928     43.4789366933193     0.13306
1929     43.4789977475197    -0.01547
1930     43.4790588017200     0.07676
1931     43.4791198559204     0.03103
1932     43.4791809101207    -0.03027
1933     43.4792419643211    -0.03356
1934     43.4793030185215    -0.12462
1935     43.4793640727218     0.04303
1936     43.4794251269222    -0.07705
1937     43.4794861811225     0.04751
1938     43.4795472353229     0.00898
1939     43.4796082895232     0.08384
1940     43.4796693437236    -0.03309
1941     43.4797303979240     0.21122
1942     43.4797914521243     0.03566
1943     43.4798525063247    -0.16907
1944     43.4799135605250    -0.05740
1945     43.4799746147254    -0.22220
1946     43.4800356689258    -0.03871
1947     43.4800967231261     0.07311
1948     43.4801577773265    -0.05042
1949     43.4802188315268     0.02632
1950     43.4802798857272     0.16911
1951     43.4803409399276    -0.24670
1952     43.4804019941279    -0.14394
1953     43.4804630483283    -0.02249
1954     43.4805241025286     0.03376
1955     43.4805851567290     0.13528
1956     43.4806462109294     0.22623
1957     43.4807072651297     0.12771
1958     43.4807683193301     0.12566
1959     43.4808293735304     0.05426
1960     43.4808904277308     0.00249
1961     43.4809514819312     0.12815
1962     43.4810125361315    -0.17637
1963     43.4810735903319    -0.05111
1964     43.4811346445322     0.13529
1965     43.4811956987326    -0.07529
1966     43.4812567529329     0.01594
1967     43.4813178071333    -0.07224
1968     43.4813788613337     0.04419
1969     43.4814399155340    -0.01883
1970     43.4815009697344    -0.02973
1971     43.4815620239347     0.17145
1972     43.4816230781351     0.15920
1973     43.4816841323355    -0.11002
1974     43.4817451865358    -0.03091
1975     43.4818062407362    -0.03839
1976     43.4818672949365     0.04169
1977     43.4819283491369    -0.07657
1978     43.4819894033373    -0.11536
1979     43.4820504575376    -0.13427
1980     43.4821115117380    -0.14614
1981     43.4821725659383     0.03843
1982     43.4822336201387     0.09086
1983     43.4822946743391    -0.07547
1984     43.4823557285394     0.23162
1985     43.4824167827398    -0.11995
1986     43.4824778369401    -0.11331
1987     43.4825388911405    -0.07527
1988     43.4825999453409     0.08227
1989     43.4826609995412    -0.00519
1990     43.4827220537416    -0.06046
1991     43.4827831079419    -0.00688
1992     43.4828441621423    -0.03654
1993     43.4829052163427     0.04142
1994     43.4829662705430     0.02473
1995     43.4830273247434    -0.03765
1996     43.4830883789437    -0.18616
1997     43.4831494331441    -0.20823
1998     43.4832104873445     0.07517
1999     43.4832715415448    -0.31838
2000     43.4833325957452    -0.00964
2001     43.4833936499455    -0.14046
2002     43.4834547041459    -0.05203
2003     43.4835157583463    -0.04506
2004     43.4835768125466    -0.14077
2005     43.4836378667470     0.10107
2006     43.4836989209473    -0.00683
2007     43.4837599751477    -0.00743
2008     43.4838210293481     0.05327
2009     43.4838820835484     0.00290
2010     43.4839431377488     0.07081
2011     43.4840041919491    -0.23072
2012     43.4840652461495    -0.13062
2013     43.4841263003498     0.07321
2014     43.4841873545502    -0.13330
2015     43.4842484087506    -0.02998
2016     43.4843094629509    -0.14259
2017     43.4843705171513    -0.01098
2018     43.4844315713516    -0.03720
2019     43.4844926255520    -0.00255
2020     43.4845536797524    -0.22778
2021     43.4846147339527    -0.08277
2022     43.4846757881531     0.11414
2023     43.4847368423534    -0.10957
2024     43.4847978965538     0.04058
2025     43.4848589507542     0.06888
2026     43.4849200049545    -0.10322
2027     43.4849810591549     0.11880
2028     43.4850421133552     0.09952
2029     43.4851031675556     0.03357
2030     43.4851642217560     0.09675
2031     43.4852252759563     0.03481
2032     43.4852863301567    -0.00923
2033     43.4853473843570     0.00875
2034     43.4854084385574     0.02901
2035     43.4854694927578    -0.13067
2036     43.4855305469581     0.01703
2037     43.4855916011585    -0.12291
2038     43.4856526553588    -0.22994
2039     43.4857137095592    -0.18517
2040     43.4857747637596    -0.19669
2041     43.4858358179599    -0.05916
2042     43.4858968721603     0.01548
2043     43.4859579263606    -0.10250
2044     43.4860189805610    -0.03267
2045     43.4860800347614    -0.10956
2046     43.4861410889617     0.07630
2047     43.4862021431621     0.09419
2048     43.4862631973624     0.03263
