   1     22.1736186825922     0.13690
   2     22.1736492096924    -0.01465
   3     22.1736797367926     0.03359
   4     22.1737102638928    -0.11729
   5     22.1737407909929    -0.10838
   6     22.1737713180931    -0.03799
   7     22.1738018451933     0.03320
   8     22.1738323722935    -0.16407
   9     22.1738628993937    -0.03375
  10     22.1738934264938    -0.07170
  11     22.1739239535940    -0.01158
  12     22.1739544806942    -0.01097
  13     22.1739850077944     0.03271
  14     22.1740155348946    -0.05906
  15     22.1740460619947     0.01930
  16     22.1740765890949     0.03282
  17     22.1741071161951    -0.11922
  18     22.1741376432953    -0.07727
  19     22.1741681703955     0.12169
  20     22.1741986974956     0.01653
  21     22.1742292245958    -0.02805
  22     22.1742597516960     0.08146
  23     22.1742902787962     0.11259
  24     22.1743208058964     0.08225
  25     22.1743513329965    -0.05335
  26     22.1743818600967    -0.05629
  27     22.1744123871969     0.01141
  28     22.1744429142971    -0.01302
  29     22.1744734413973    -0.07081
  30     22.1745039684974     0.07077
  31     22.1745344955976    -0.01172
  32     22.1745650226978    -0.03135
  33     22.1745955497980    -0.13473
  34     22.1746260768982     0.06515
  35     22.1746566039983    -0.13265
  36     22.1746871310985    -0.05216
  37     22.1747176581987     0.14841
  38     22.1747481852989    -0.08126
  39     22.1747787123991    -0.01930
  40     22.1748092394992     0.01678
  41     22.1748397665994    -0.10943
  42     22.1748702936996    -0.02013
  43     22.1749008207998     0.05223
  44     22.1749313479000     0.08052
  45     22.1749618750001    -0.04302
  46     22.1749924021003     0.09911
  47     22.1750229292005     0.13089
  48     22.1750534563007    -0.00697
  49     22.1750839834009     0.10695
  50     22.1751145105010     0.07144
  51     22.1751450376012    -0.07197
  52     22.1751755647014     0.05996
  53     22.1752060918016     0.02950
  54     22.1752366189018    -0.02460
  55     22.1752671460019    -0.01279
  56     22.1752976731021     0.12507
  57     22.1753282002023     0.15767
  58     22.1753587273025     0.02132
  59     22.1753892544027     0.01871
  60     22.1754197815028     0.04233
  61     22.1754503086030    -0.03666
  62     22.1754808357032     0.08965
  63     22.1755113628034     0.05122
  64     22.1755418899035    -0.14449
  65     22.1755724170037     0.09889
  66     22.1756029441039    -0.04543
  67     22.1756334712041    -0.08846
  68     22.1756639983043    -0.13134
  69     22.1756945254045    -0.03178
  70     22.1757250525046    -0.17528
  71     22.1757555796048    -0.08188
  72     22.1757861067050    -0.08902
  73     22.1758166338052    -0.02850
  74     22.1758471609054    -0.00795
  75     22.1758776880055    -0.06734
  76     22.1759082151057    -0.01038
  77     22.1759387422059     0.07417
  78     22.1759692693061     0.11068
  79     22.1759997964062    -0.13289
  80     22.1760303235064     0.07385
  81     22.1760608506066    -0.08750
  82     22.1760913777068    -0.03461
  83     22.1761219048070     0.01527
  84     22.1761524319071    -0.00458
  85     22.1761829590073    -0.15400
  86     22.1762134861075     0.05514
  87     22.1762440132077     0.13546
  88     22.1762745403079    -0.00342
  89     22.1763050674080    -0.00565
  90     22.1763355945082    -0.06441
  91     22.1763661216084     0.09793
  92     22.1763966487086     0.02183
  93     22.1764271758088     0.00490
  94     22.1764577029089     0.01802
  95     22.1764882300091    -0.01080
  96     22.1765187571093     0.00127
  97     22.1765492842095     0.03369
  98     22.1765798113097     0.13566
  99     22.1766103384098    -0.00562
 100     22.1766408655100    -0.00436
 101     22.1766713926102     0.01606
 102     22.1767019197104    -0.25442
 103     22.1767324468106    -0.00507
 104     22.1767629739107    -0.11325
 105     22.1767935010109    -0.04073
 106     22.1768240281111    -0.04960
 107     22.1768545552113     0.01919
 108     22.1768850823115     0.07674
 109     22.1769156094116     0.07886
 110     22.1769461365118     0.11517
 111     22.1769766636120     0.10053
 112     22.1770071907122    -0.14951
 113     22.1770377178124     0.02561
 114     22.1770682449125     0.04459
 115     22.1770987720127    -0.10442
 116     22.1771292991129     0.08899
 117     22.1771598262131    -0.12116
 118     22.1771903533133     0.05849
 119     22.1772208804134     0.14063
 120     22.1772514075136    -0.11695
 121     22.1772819346138     0.07475
 122     22.1773124617140     0.09431
 123     22.1773429888142     0.10271
 124     22.1773735159143    -0.10240
 125     22.1774040430145    -0.03944
 126     22.1774345701147    -0.08841
 127     22.1774650972149    -0.10496
 128     22.1774956243150     0.05091
 129     22.1775261514152     0.04443
 130     22.1775566785154    -0.10252
 131     22.1775872056156    -0.06975
 132     22.1776177327158     0.08283
 133     22.1776482598159     0.16476
 134     22.1776787869161     0.09297
 135     22.1777093140163    -0.00253
 136     22.1777398411165    -0.01675
 137     22.1777703682167    -0.12096
 138     22.1778008953168     0.02914
 139     22.1778314224170    -0.15838
 140     22.1778619495172     0.06296
 141     22.1778924766174    -0.07317
 142     22.1779230037176    -0.07926
 143     22.1779535308177     0.05774
 144     22.1779840579179    -0.06267
 145     22.1780145850181     0.01483
 146     22.1780451121183    -0.10449
 147     22.1780756392185    -0.03828
 148     22.1781061663186     0.00020
 149     22.1781366934188     0.09101
 150     22.1781672205190    -0.05515
 151     22.1781977476192    -0.00273
 152     22.1782282747194     0.00348
 153     22.1782588018195    -0.11452
 154     22.1782893289197    -0.05981
 155     22.1783198560199    -0.02303
 156     22.1783503831201     0.10991
 157     22.1783809102203    -0.00588
 158     22.1784114373204    -0.00421
 159     22.1784419644206    -0.03965
 160     22.1784724915208    -0.12873
 161     22.1785030186210    -0.09785
 162     22.1785335457212    -0.04292
 163     22.1785640728213     0.08138
 164     22.1785945999215    -0.00871
 165     22.1786251270217     0.15517
 166     22.1786556541219    -0.04116
 167     22.1786861812221     0.04933
 168     22.1787167083222    -0.00642
 169     22.1787472354224    -0.01968
 170     22.1787777625226     0.13084
 171     22.1788082896228     0.06749
 172     22.1788388167230    -0.00785
 173     22.1788693438231    -0.05609
 174     22.1788998709233     0.03191
 175     22.1789303980235    -0.00027
 176     22.1789609251237     0.03048
 177     22.1789914522239     0.04241
 178     22.1790219793240     0.05256
 179     22.1790525064242    -0.01379
 180     22.1790830335244    -0.04113
 181     22.1791135606246    -0.01941
 182     22.1791440877248    -0.06497
 183     22.1791746148249     0.11208
 184     22.1792051419251    -0.02069
 185     22.1792356690253     0.08325
 186     22.1792661961255     0.02666
 187     22.1792967232257    -0.05823
 188     22.1793272503258    -0.09726
 189     22.1793577774260    -0.15728
 190     22.1793883045262     0.04964
 191     22.1794188316264    -0.01390
 192     22.1794493587266     0.05634
 193     22.1794798858267    -0.02200
 194     22.1795104129269     0.24913
 195     22.1795409400271    -0.02594
 196     22.1795714671273     0.15588
 197     22.1796019942275    -0.20182
 198     22.1796325213276    -0.18539
 199     22.1796630484278     0.01166
 200     22.1796935755280     0.10616
 201     22.1797241026282     0.06373
 202     22.1797546297284    -0.03894
 203     22.1797851568285     0.03066
 204     22.1798156839287    -0.05597
 205     22.1798462110289     0.09791
 206     22.1798767381291    -0.14884
 207     22.1799072652293    -0.11845
 208     22.1799377923294     0.03499
 209     22.1799683194296     0.11402
 210     22.1799988465298    -0.01563
 211     22.1800293736300    -0.00619
 212     22.1800599007301     0.02209
 213     22.1800904278303     0.12115
 214     22.1801209549305    -0.02119
 215     22.1801514820307    -0.11960
 216     22.1801820091309    -0.11199
 217     22.1802125362310    -0.10810
 218     22.1802430633312    -0.00294
 219     22.1802735904314    -0.03386
 220     22.1803041175316    -0.00035
 221     22.1803346446318     0.08264
 222     22.1803651717319     0.13946
 223     22.1803956988321     0.05615
 224     22.1804262259323     0.08594
 225     22.1804567530325     0.05129
 226     22.1804872801327    -0.07341
 227     22.1805178072328    -0.00741
 228     22.1805483343330     0.10327
 229     22.1805788614332    -0.03369
 230     22.1806093885334     0.03020
 231     22.1806399156336     0.02677
 232     22.1806704427337     0.01839
 233     22.1807009698339    -0.00097
 234     22.1807314969341    -0.04070
 235     22.1807620240343     0.17848
 236     22.1807925511345     0.06716
 237     22.1808230782346     0.12424
 238     22.1808536053348    -0.07767
 239     22.1808841324350     0.03134
 240     22.1809146595352    -0.12912
 241     22.1809451866354    -0.00127
 242     22.1809757137355     0.05805
 243     22.1810062408357     0.10394
 244     22.1810367679359    -0.02543
 245     22.1810672950361    -0.05544
 246     22.1810978221363    -0.01698
 247     22.1811283492364     0.00448
 248     22.1811588763366     0.16464
 249     22.1811894034368    -0.07608
 250     22.1812199305370    -0.01986
 251     22.1812504576372     0.02760
 252     22.1812809847373     0.09432
 253     22.1813115118375     0.02106
 254     22.1813420389377     0.10410
 255     22.1813725660379    -0.17892
 256     22.1814030931381    -0.13487
 257     22.1814336202382    -0.04659
 258     22.1814641473384    -0.04540
 259     22.1814946744386    -0.02664
 260     22.1815252015388     0.20293
 261     22.1815557286390    -0.10604
 262     22.1815862557391     0.04455
 263     22.1816167828393     0.10131
 264     22.1816473099395     0.00214
 265     22.1816778370397    -0.00421
 266     22.1817083641399    -0.01457
 267     22.1817388912400     0.03184
 268     22.1817694183402    -0.00246
 269     22.1817999454404     0.07877
 270     22.1818304725406    -0.06630
 271     22.1818609996407    -0.04005
 272     22.1818915267409    -0.03490
 273     22.1819220538411    -0.10639
 274     22.1819525809413    -0.15003
 275     22.1819831080415    -0.02841
 276     22.1820136351416    -0.00038
 277     22.1820441622418    -0.09936
 278     22.1820746893420    -0.03431
 279     22.1821052164422     0.05879
 280     22.1821357435424    -0.00941
 281     22.1821662706425    -0.15412
 282     22.1821967977427    -0.05643
 283     22.1822273248429    -0.05844
 284     22.1822578519431     0.13247
 285     22.1822883790433    -0.05140
 286     22.1823189061434    -0.00662
 287     22.1823494332436    -0.05694
 288     22.1823799603438    -0.16552
 289     22.1824104874440    -0.04981
 290     22.1824410145442    -0.06299
 291     22.1824715416443     0.01651
 292     22.1825020687445     0.09079
 293     22.1825325958447    -0.01578
 294     22.1825631229449    -0.05418
 295     22.1825936500451    -0.01910
 296     22.1826241771452     0.11169
 297     22.1826547042454     0.01912
 298     22.1826852313456     0.01622
 299     22.1827157584458    -0.09077
 300     22.1827462855460    -0.13341
 301     22.1827768126461    -0.07508
 302     22.1828073397463     0.06705
 303     22.1828378668465    -0.03929
 304     22.1828683939467    -0.11317
 305     22.1828989210469    -0.15527
 306     22.1829294481470     0.04831
 307     22.1829599752472    -0.01421
 308     22.1829905023474    -0.08697
 309     22.1830210294476    -0.06361
 310     22.1830515565478     0.12313
 311     22.1830820836479    -0.04946
 312     22.1831126107481     0.11346
 313     22.1831431378483    -0.05998
 314     22.1831736649485     0.03091
 315     22.1832041920487    -0.17135
 316     22.1832347191488    -0.07629
 317     22.1832652462490    -0.12299
 318     22.1832957733492     0.02934
 319     22.1833263004494    -0.01866
 320     22.1833568275496    -0.13602
 321     22.1833873546497    -0.00803
 322     22.1834178817499    -0.00889
 323     22.1834484088501    -0.08538
 324     22.1834789359503    -0.07779
 325     22.1835094630505    -0.14858
 326     22.1835399901506     0.03595
 327     22.1835705172508     0.11637
 328     22.1836010443510     0.05051
 329     22.1836315714512     0.14075
 330     22.1836620985514     0.05169
 331     22.1836926256515     0.07865
 332     22.1837231527517     0.01383
 333     22.1837536798519     0.15755
 334     22.1837842069521     0.02150
 335     22.1838147340523    -0.05914
 336     22.1838452611524     0.02217
 337     22.1838757882526     0.13237
 338     22.1839063153528     0.00566
 339     22.1839368424530    -0.10455
 340     22.1839673695532     0.03134
 341     22.1839978966533     0.02481
 342     22.1840284237535    -0.08886
 343     22.1840589508537    -0.08306
 344     22.1840894779539    -0.02588
 345     22.1841200050541     0.00886
 346     22.1841505321542     0.13028
 347     22.1841810592544    -0.06818
 348     22.1842115863546    -0.08977
 349     22.1842421134548     0.09799
 350     22.1842726405549     0.07049
 351     22.1843031676551     0.05209
 352     22.1843336947553     0.07377
 353     22.1843642218555    -0.14856
 354     22.1843947489557     0.09765
 355     22.1844252760558     0.17962
 356     22.1844558031560    -0.04285
 357     22.1844863302562     0.05550
 358     22.1845168573564     0.12189
 359     22.1845473844566    -0.00740
 360     22.1845779115567     0.20945
 361     22.1846084386569     0.10950
 362     22.1846389657571    -0.16227
 363     22.1846694928573     0.02305
 364     22.1847000199575    -0.04349
 365     22.1847305470576    -0.00427
 366     22.1847610741578     0.02759
 367     22.1847916012580    -0.00870
 368     22.1848221283582    -0.12625
 369     22.1848526554584     0.02159
 370     22.1848831825585     0.01034
 371     22.1849137096587     0.05526
 372     22.1849442367589     0.02664
 373     22.1849747638591     0.08843
 374     22.1850052909593    -0.09965
 375     22.1850358180594     0.05956
 376     22.1850663451596     0.08090
 377     22.1850968722598    -0.00086
 378     22.1851273993600     0.09399
 379     22.1851579264602    -0.03108
 380     22.1851884535603    -0.11049
 381     22.1852189806605     0.01848
 382     22.1852495077607     0.03496
 383     22.1852800348609     0.11412
 384     22.1853105619611     0.08080
 385     22.1853410890612     0.02495
 386     22.1853716161614     0.07449
 387     22.1854021432616    -0.20727
 388     22.1854326703618     0.00192
 389     22.1854631974620     0.00330
 390     22.1854937245621     0.03193
 391     22.1855242516623    -0.13419
 392     22.1855547787625    -0.12687
 393     22.1855853058627     0.07330
 394     22.1856158329629     0.11354
 395     22.1856463600630    -0.06395
 396     22.1856768871632     0.07726
 397     22.1857074142634     0.00711
 398     22.1857379413636    -0.11805
 399     22.1857684684638     0.07657
 400     22.1857989955639    -0.11644
 401     22.1858295226641     0.10542
 402     22.1858600497643     0.05190
 403     22.1858905768645    -0.00619
 404     22.1859211039647     0.22131
 405     22.1859516310648     0.09318
 406     22.1859821581650     0.03799
 407     22.1860126852652    -0.05055
 408     22.1860432123654     0.12182
 409     22.1860737394656    -0.03864
 410     22.1861042665657     0.04736
 411     22.1861347936659    -0.02997
 412     22.1861653207661    -0.01457
 413     22.1861958478663     0.14897
 414     22.1862263749665     0.01260
 415     22.1862569020666    -0.08434
 416     22.1862874291668    -0.05285
 417     22.1863179562670    -0.08811
 418     22.1863484833672     0.02373
 419     22.1863790104673     0.06768
 420     22.1864095375675    -0.08841
 421     22.1864400646677     0.14809
 422     22.1864705917679     0.05483
 423     22.1865011188681     0.10285
 424     22.1865316459682    -0.07614
 425     22.1865621730684    -0.00891
 426     22.1865927001686    -0.03140
 427     22.1866232272688     0.12906
 428     22.1866537543690    -0.06004
 429     22.1866842814691     0.02395
 430     22.1867148085693     0.04007
 431     22.1867453356695    -0.14861
 432     22.1867758627697    -0.10354
 433     22.1868063898699     0.07822
 434     22.1868369169700     0.04948
 435     22.1868674440702    -0.01171
 436     22.1868979711704     0.00544
 437     22.1869284982706     0.09773
 438     22.1869590253708     0.03651
 439     22.1869895524709    -0.00052
 440     22.1870200795711    -0.08286
 441     22.1870506066713     0.19133
 442     22.1870811337715    -0.11582
 443     22.1871116608717    -0.21408
 444     22.1871421879718     0.05931
 445     22.1871727150720     0.03746
 446     22.1872032421722    -0.00710
 447     22.1872337692724     0.04486
 448     22.1872642963726     0.04435
 449     22.1872948234727     0.02035
 450     22.1873253505729     0.00472
 451     22.1873558776731    -0.00114
 452     22.1873864047733     0.06579
 453     22.1874169318735     0.06100
 454     22.1874474589736     0.05823
 455     22.1874779860738     0.12979
 456     22.1875085131740    -0.00686
 457     22.1875390402742    -0.05982
 458     22.1875695673744     0.02028
 459     22.1876000944745     0.06262
 460     22.1876306215747    -0.00636
 461     22.1876611486749     0.02294
 462     22.1876916757751     0.09348
 463     22.1877222028753     0.00238
 464     22.1877527299754    -0.01046
 465     22.1877832570756     0.06763
 466     22.1878137841758     0.02663
 467     22.1878443112760    -0.01261
 468     22.1878748383762    -0.00120
 469     22.1879053654763     0.01590
 470     22.1879358925765     0.06574
 471     22.1879664196767    -0.04684
 472     22.1879969467769     0.04955
 473     22.1880274738771    -0.02006
 474     22.1880580009772    -0.02643
 475     22.1880885280774     0.08929
 476     22.1881190551776     0.10625
 477     22.1881495822778    -0.02299
 478     22.1881801093779     0.00168
 479     22.1882106364781     0.04231
 480     22.1882411635783     0.07991
 481     22.1882716906785    -0.08893
 482     22.1883022177787    -0.09016
 483     22.1883327448788    -0.06307
 484     22.1883632719790     0.03588
 485     22.1883937990792    -0.13707
 486     22.1884243261794     0.09146
 487     22.1884548532796    -0.00215
 488     22.1884853803797     0.03935
 489     22.1885159074799     0.11225
 490     22.1885464345801     0.01784
 491     22.1885769616803    -0.00204
 492     22.1886074887805    -0.06039
 493     22.1886380158806    -0.16278
 494     22.1886685429808    -0.01519
 495     22.1886990700810    -0.08175
 496     22.1887295971812     0.03810
 497     22.1887601242814     0.04584
 498     22.1887906513815     0.13034
 499     22.1888211784817    -0.01768
 500     22.1888517055819    -0.12858
 501     22.1888822326821     0.14042
 502     22.1889127597823     0.08561
 503     22.1889432868824     0.02698
 504     22.1889738139826    -0.05230
 505     22.1890043410828    -0.04287
 506     22.1890348681830     0.07023
 507     22.1890653952832    -0.04947
 508     22.1890959223833     0.13974
 509     22.1891264494835    -0.20634
 510     22.1891569765837     0.04360
 511     22.1891875036839    -0.02118
 512     22.1892180307841     0.04218
 513     22.1892485578842    -0.08353
 514     22.1892790849844    -0.02943
 515     22.1893096120846     0.09351
 516     22.1893401391848     0.07320
 517     22.1893706662850    -0.05594
 518     22.1894011933851    -0.01374
 519     22.1894317204853    -0.06401
 520     22.1894622475855     0.05388
 521     22.1894927746857    -0.04152
 522     22.1895233017859    -0.04774
 523     22.1895538288860     0.08443
 524     22.1895843559862    -0.15773
 525     22.1896148830864     0.03654
 526     22.1896454101866     0.03451
 527     22.1896759372868     0.01228
 528     22.1897064643869    -0.03764
 529     22.1897369914871     0.15820
 530     22.1897675185873    -0.09542
 531     22.1897980456875     0.02955
 532     22.1898285727877    -0.01415
 533     22.1898590998878    -0.02097
 534     22.1898896269880     0.01960
 535     22.1899201540882     0.01645
 536     22.1899506811884    -0.03980
 537     22.1899812082886     0.10919
 538     22.1900117353887    -0.09148
 539     22.1900422624889    -0.11937
 540     22.1900727895891     0.07520
 541     22.1901033166893    -0.07713
 542     22.1901338437895     0.07119
 543     22.1901643708896    -0.02691
 544     22.1901948979898     0.05326
 545     22.1902254250900     0.03761
 546     22.1902559521902     0.07889
 547     22.1902864792904     0.02661
 548     22.1903170063905    -0.04333
 549     22.1903475334907    -0.09785
 550     22.1903780605909    -0.02940
 551     22.1904085876911     0.02887
 552     22.1904391147912     0.07957
 553     22.1904696418914     0.04145
 554     22.1905001689916    -0.06679
 555     22.1905306960918    -0.00577
 556     22.1905612231920    -0.17731
 557     22.1905917502921    -0.00872
 558     22.1906222773923     0.18692
 559     22.1906528044925     0.12273
 560     22.1906833315927    -0.05713
 561     22.1907138586929     0.04827
 562     22.1907443857930     0.05376
 563     22.1907749128932     0.07590
 564     22.1908054399934    -0.06389
 565     22.1908359670936    -0.02028
 566     22.1908664941938     0.15670
 567     22.1908970212939    -0.07719
 568     22.1909275483941    -0.03136
 569     22.1909580754943    -0.09224
 570     22.1909886025945     0.04666
 571     22.1910191296947     0.10035
 572     22.1910496567948    -0.10802
 573     22.1910801838950     0.04032
 574     22.1911107109952     0.04019
 575     22.1911412380954    -0.06989
 576     22.1911717651956    -0.01940
 577     22.1912022922957     0.00733
 578     22.1912328193959     0.05869
 579     22.1912633464961     0.00169
 580     22.1912938735963     0.03206
 581     22.1913244006965    -0.03974
 582     22.1913549277966    -0.00348
 583     22.1913854548968     0.04776
 584     22.1914159819970    -0.06698
 585     22.1914465090972    -0.13666
 586     22.1914770361974     0.04073
 587     22.1915075632975    -0.11844
 588     22.1915380903977     0.00775
 589     22.1915686174979    -0.08714
 590     22.1915991445981    -0.15545
 591     22.1916296716983     0.02490
 592     22.1916601987984    -0.03879
 593     22.1916907258986    -0.14083
 594     22.1917212529988     0.02373
 595     22.1917517800990    -0.12271
 596     22.1917823071992     0.06995
 597     22.1918128342993    -0.07874
 598     22.1918433613995     0.11314
 599     22.1918738884997     0.00291
 600     22.1919044155999     0.01094
 601     22.1919349427001     0.00755
 602     22.1919654698002    -0.03440
 603     22.1919959969004    -0.00301
 604     22.1920265240006    -0.00911
 605     22.1920570511008     0.07732
 606     22.1920875782010     0.03278
 607     22.1921181053011    -0.04112
 608     22.1921486324013    -0.18249
 609     22.1921791595015    -0.14034
 610     22.1922096866017    -0.17304
 611     22.1922402137019    -0.07041
 612     22.1922707408020    -0.03746
 613     22.1923012679022     0.06551
 614     22.1923317950024    -0.03381
 615     22.1923623221026     0.09100
 616     22.1923928492028     0.05958
 617     22.1924233763029    -0.04215
 618     22.1924539034031     0.00465
 619     22.1924844305033    -0.11125
 620     22.1925149576035    -0.11946
 621     22.1925454847037    -0.00185
 622     22.1925760118038     0.01162
 623     22.1926065389040     0.09672
 624     22.1926370660042    -0.04888
 625     22.1926675931044    -0.03177
 626     22.1926981202046    -0.07428
 627     22.1927286473047     0.03087
 628     22.1927591744049    -0.05860
 629     22.1927897015051    -0.15100
 630     22.1928202286053     0.02489
 631     22.1928507557054     0.02251
 632     22.1928812828056     0.03925
 633     22.1929118099058     0.08299
 634     22.1929423370060    -0.12139
 635     22.1929728641062     0.12393
 636     22.1930033912063    -0.01458
 637     22.1930339183065    -0.10159
 638     22.1930644454067     0.07286
 639     22.1930949725069    -0.04986
 640     22.1931254996071    -0.03573
 641     22.1931560267072    -0.00402
 642     22.1931865538074    -0.06902
 643     22.1932170809076     0.18635
 644     22.1932476080078    -0.12039
 645     22.1932781351080    -0.00504
 646     22.1933086622081     0.00780
 647     22.1933391893083     0.09345
 648     22.1933697164085    -0.02891
 649     22.1934002435087     0.04439
 650     22.1934307706089    -0.03075
 651     22.1934612977090    -0.05685
 652     22.1934918248092     0.07867
 653     22.1935223519094     0.02814
 654     22.1935528790096     0.11344
 655     22.1935834061098     0.00999
 656     22.1936139332099    -0.00340
 657     22.1936444603101     0.08675
 658     22.1936749874103    -0.06119
 659     22.1937055145105     0.07426
 660     22.1937360416107     0.06118
 661     22.1937665687108     0.00585
 662     22.1937970958110     0.05088
 663     22.1938276229112    -0.01185
 664     22.1938581500114    -0.02349
 665     22.1938886771116    -0.06467
 666     22.1939192042117     0.00394
 667     22.1939497313119    -0.07827
 668     22.1939802584121     0.00596
 669     22.1940107855123     0.04547
 670     22.1940413126125    -0.02342
 671     22.1940718397126    -0.12434
 672     22.1941023668128    -0.04545
 673     22.1941328939130     0.05923
 674     22.1941634210132    -0.01513
 675     22.1941939481134    -0.06734
 676     22.1942244752135     0.04837
 677     22.1942550023137     0.06827
 678     22.1942855294139     0.00860
 679     22.1943160565141     0.02770
 680     22.1943465836143     0.03515
 681     22.1943771107144    -0.01736
 682     22.1944076378146    -0.14847
 683     22.1944381649148    -0.02340
 684     22.1944686920150     0.05340
 685     22.1944992191152    -0.01434
 686     22.1945297462153    -0.06349
 687     22.1945602733155     0.00247
 688     22.1945908004157     0.05457
 689     22.1946213275159    -0.01041
 690     22.1946518546161    -0.03247
 691     22.1946823817162     0.00013
 692     22.1947129088164    -0.04138
 693     22.1947434359166     0.04965
 694     22.1947739630168    -0.04513
 695     22.1948044901169    -0.03190
 696     22.1948350172171     0.03714
 697     22.1948655443173     0.08334
 698     22.1948960714175     0.05093
 699     22.1949265985177     0.02062
 700     22.1949571256178     0.12218
 701     22.1949876527180    -0.04634
 702     22.1950181798182    -0.09035
 703     22.1950487069184    -0.03175
 704     22.1950792340186     0.04352
 705     22.1951097611187     0.04275
 706     22.1951402882189     0.04982
 707     22.1951708153191     0.13168
 708     22.1952013424193     0.15457
 709     22.1952318695195    -0.12303
 710     22.1952623966196     0.11279
 711     22.1952929237198     0.05483
 712     22.1953234508200    -0.05878
 713     22.1953539779202     0.06568
 714     22.1953845050204    -0.06583
 715     22.1954150321205    -0.04269
 716     22.1954455592207     0.06120
 717     22.1954760863209    -0.13480
 718     22.1955066134211    -0.10701
 719     22.1955371405213     0.17297
 720     22.1955676676214     0.02650
 721     22.1955981947216    -0.02099
 722     22.1956287218218     0.09166
 723     22.1956592489220    -0.08342
 724     22.1956897760222     0.04233
 725     22.1957203031223     0.11550
 726     22.1957508302225    -0.12284
 727     22.1957813573227     0.12386
 728     22.1958118844229     0.03868
 729     22.1958424115231    -0.08607
 730     22.1958729386232    -0.02056
 731     22.1959034657234     0.02171
 732     22.1959339928236    -0.06731
 733     22.1959645199238     0.05900
 734     22.1959950470240     0.05928
 735     22.1960255741241    -0.09286
 736     22.1960561012243    -0.05678
 737     22.1960866283245    -0.12491
 738     22.1961171554247     0.02316
 739     22.1961476825249    -0.11517
 740     22.1961782096250     0.05876
 741     22.1962087367252     0.04769
 742     22.1962392638254     0.09559
 743     22.1962697909256    -0.18249
 744     22.1963003180258     0.04776
 745     22.1963308451259    -0.04178
 746     22.1963613722261     0.00625
 747     22.1963918993263    -0.05942
 748     22.1964224264265    -0.03398
 749     22.1964529535267     0.04032
 750     22.1964834806268    -0.06038
 751     22.1965140077270     0.07516
 752     22.1965445348272     0.05372
 753     22.1965750619274     0.13694
 754     22.1966055890276     0.09236
 755     22.1966361161277     0.03115
 756     22.1966666432279    -0.01926
 757     22.1966971703281    -0.10695
 758     22.1967276974283     0.05395
 759     22.1967582245284    -0.11128
 760     22.1967887516286     0.01654
 761     22.1968192787288     0.05044
 762     22.1968498058290    -0.04037
 763     22.1968803329292    -0.05338
 764     22.1969108600293    -0.14630
 765     22.1969413871295    -0.03372
 766     22.1969719142297    -0.09401
 767     22.1970024413299     0.20823
 768     22.1970329684301     0.16902
 769     22.1970634955302    -0.05270
 770     22.1970940226304    -0.17504
 771     22.1971245497306    -0.07984
 772     22.1971550768308     0.04699
 773     22.1971856039310     0.24217
 774     22.1972161310311     0.04963
 775     22.1972466581313    -0.04235
 776     22.1972771852315    -0.02877
 777     22.1973077123317     0.02218
 778     22.1973382394319    -0.18379
 779     22.1973687665320     0.03462
 780     22.1973992936322     0.00542
 781     22.1974298207324     0.04905
 782     22.1974603478326     0.07736
 783     22.1974908749328     0.13239
 784     22.1975214020329    -0.07026
 785     22.1975519291331     0.10917
 786     22.1975824562333     0.02699
 787     22.1976129833335     0.01009
 788     22.1976435104337     0.01698
 789     22.1976740375338    -0.13577
 790     22.1977045646340    -0.01580
 791     22.1977350917342     0.01714
 792     22.1977656188344    -0.02397
 793     22.1977961459346     0.08345
 794     22.1978266730347     0.11212
 795     22.1978572001349     0.03043
 796     22.1978877272351     0.15336
 797     22.1979182543353    -0.07804
 798     22.1979487814355    -0.13198
 799     22.1979793085356    -0.02606
 800     22.1980098356358    -0.02814
 801     22.1980403627360    -0.05670
 802     22.1980708898362     0.00511
 803     22.1981014169364    -0.12492
 804     22.1981319440365     0.02400
 805     22.1981624711367     0.00896
 806     22.1981929982369     0.01454
 807     22.1982235253371    -0.05000
 808     22.1982540524373    -0.11547
 809     22.1982845795374    -0.02233
 810     22.1983151066376     0.09271
 811     22.1983456337378     0.07532
 812     22.1983761608380     0.15288
 813     22.1984066879382     0.13847
 814     22.1984372150383    -0.03642
 815     22.1984677421385     0.00291
 816     22.1984982692387    -0.14817
 817     22.1985287963389     0.02312
 818     22.1985593234391    -0.06172
 819     22.1985898505392    -0.00769
 820     22.1986203776394    -0.04056
 821     22.1986509047396    -0.10340
 822     22.1986814318398    -0.03113
 823     22.1987119589399    -0.02703
 824     22.1987424860401     0.06355
 825     22.1987730131403     0.03506
 826     22.1988035402405    -0.06914
 827     22.1988340673407    -0.19699
 828     22.1988645944408     0.03355
 829     22.1988951215410    -0.03320
 830     22.1989256486412     0.02576
 831     22.1989561757414     0.04498
 832     22.1989867028416    -0.08709
 833     22.1990172299418    -0.11917
 834     22.1990477570419     0.00365
 835     22.1990782841421    -0.17272
 836     22.1991088112423    -0.10131
 837     22.1991393383425    -0.07653
 838     22.1991698654426    -0.03739
 839     22.1992003925428     0.05155
 840     22.1992309196430    -0.14888
 841     22.1992614467432     0.01331
 842     22.1992919738434    -0.02268
 843     22.1993225009435    -0.00941
 844     22.1993530280437     0.11871
 845     22.1993835551439    -0.07046
 846     22.1994140822441    -0.06678
 847     22.1994446093443     0.03128
 848     22.1994751364444    -0.09742
 849     22.1995056635446     0.08455
 850     22.1995361906448     0.11865
 851     22.1995667177450    -0.03659
 852     22.1995972448452     0.11154
 853     22.1996277719453    -0.08052
 854     22.1996582990455     0.01790
 855     22.1996888261457     0.06263
 856     22.1997193532459    -0.08118
 857     22.1997498803461    -0.24779
 858     22.1997804074462    -0.16929
 859     22.1998109345464     0.00711
 860     22.1998414616466    -0.01964
 861     22.1998719887468    -0.06679
 862     22.1999025158470     0.06826
 863     22.1999330429471    -0.11478
 864     22.1999635700473    -0.11415
 865     22.1999940971475     0.15235
 866     22.2000246242477    -0.09372
 867     22.2000551513479    -0.04815
 868     22.2000856784480     0.11349
 869     22.2001162055482     0.08838
 870     22.2001467326484    -0.06199
 871     22.2001772597486    -0.04094
 872     22.2002077868488    -0.09610
 873     22.2002383139489     0.09879
 874     22.2002688410491    -0.08757
 875     22.2002993681493     0.04829
 876     22.2003298952495    -0.01192
 877     22.2003604223497     0.12353
 878     22.2003909494498    -0.09079
 879     22.2004214765500     0.01417
 880     22.2004520036502    -0.06999
 881     22.2004825307504    -0.04015
 882     22.2005130578506    -0.16503
 883     22.2005435849507     0.16842
 884     22.2005741120509    -0.04096
 885     22.2006046391511    -0.03282
 886     22.2006351662513    -0.01445
 887     22.2006656933514    -0.00800
 888     22.2006962204516    -0.05414
 889     22.2007267475518     0.12241
 890     22.2007572746520    -0.04156
 891     22.2007878017522    -0.05204
 892     22.2008183288523     0.02600
 893     22.2008488559525    -0.03259
 894     22.2008793830527    -0.14965
 895     22.2009099101529    -0.06502
 896     22.2009404372531    -0.05331
 897     22.2009709643532     0.04211
 898     22.2010014914534     0.15056
 899     22.2010320185536    -0.01710
 900     22.2010625456538     0.04913
 901     22.2010930727540    -0.05781
 902     22.2011235998541     0.17884
 903     22.2011541269543    -0.05627
 904     22.2011846540545     0.01663
 905     22.2012151811547    -0.08857
 906     22.2012457082549    -0.04941
 907     22.2012762353550    -0.05247
 908     22.2013067624552     0.05727
 909     22.2013372895554    -0.00086
 910     22.2013678166556    -0.00581
 911     22.2013983437558    -0.00339
 912     22.2014288708559     0.10214
 913     22.2014593979561     0.00508
 914     22.2014899250563    -0.12632
 915     22.2015204521565     0.09831
 916     22.2015509792567     0.08630
 917     22.2015815063568     0.02738
 918     22.2016120334570    -0.09026
 919     22.2016425605572    -0.04997
 920     22.2016730876574    -0.01406
 921     22.2017036147576     0.04611
 922     22.2017341418577     0.06788
 923     22.2017646689579    -0.01010
 924     22.2017951960581    -0.05058
 925     22.2018257231583     0.04648
 926     22.2018562502585    -0.09403
 927     22.2018867773586     0.13561
 928     22.2019173044588    -0.01339
 929     22.2019478315590    -0.08783
 930     22.2019783586592     0.00611
 931     22.2020088857594    -0.09585
 932     22.2020394128595     0.16551
 933     22.2020699399597     0.10056
 934     22.2021004670599     0.13530
 935     22.2021309941601    -0.00040
 936     22.2021615212603     0.04525
 937     22.2021920483604     0.04265
 938     22.2022225754606    -0.19988
 939     22.2022531025608     0.05409
 940     22.2022836296610     0.02356
 941     22.2023141567612     0.14829
 942     22.2023446838613     0.06131
 943     22.2023752109615     0.10726
 944     22.2024057380617    -0.01452
 945     22.2024362651619     0.07940
 946     22.2024667922621    -0.05314
 947     22.2024973193622    -0.07192
 948     22.2025278464624     0.00051
 949     22.2025583735626     0.15813
 950     22.2025889006628     0.01501
 951     22.2026194277630     0.01777
 952     22.2026499548631     0.03011
 953     22.2026804819633    -0.05629
 954     22.2027110090635     0.06420
 955     22.2027415361637    -0.05562
 956     22.2027720632639     0.02518
 957     22.2028025903640    -0.19105
 958     22.2028331174642    -0.03357
 959     22.2028636445644     0.03254
 960     22.2028941716646    -0.08679
 961     22.2029246987648     0.17409
 962     22.2029552258649    -0.05921
 963     22.2029857529651    -0.06303
 964     22.2030162800653    -0.17246
 965     22.2030468071655    -0.11235
 966     22.2030773342657    -0.07930
 967     22.2031078613658     0.04333
 968     22.2031383884660     0.06560
 969     22.2031689155662     0.05524
 970     22.2031994426664    -0.00431
 971     22.2032299697666     0.06117
 972     22.2032604968667    -0.10700
 973     22.2032910239669     0.01470
 974     22.2033215510671    -0.06550
 975     22.2033520781673     0.05903
 976     22.2033826052674    -0.02006
 977     22.2034131323676     0.07322
 978     22.2034436594678     0.02501
 979     22.2034741865680     0.02849
 980     22.2035047136682     0.03752
 981     22.2035352407683     0.00211
 982     22.2035657678685     0.01084
 983     22.2035962949687     0.05884
 984     22.2036268220689     0.13452
 985     22.2036573491691    -0.00844
 986     22.2036878762692    -0.01387
 987     22.2037184033694    -0.00501
 988     22.2037489304696    -0.01020
 989     22.2037794575698    -0.10349
 990     22.2038099846700    -0.08758
 991     22.2038405117701    -0.04016
 992     22.2038710388703     0.08392
 993     22.2039015659705    -0.04523
 994     22.2039320930707     0.02653
 995     22.2039626201709    -0.06210
 996     22.2039931472710    -0.00327
 997     22.2040236743712     0.01217
 998     22.2040542014714     0.13656
 999     22.2040847285716     0.01518
1000     22.2041152556718     0.03738
1001     22.2041457827719    -0.06859
1002     22.2041763098721    -0.01300
1003     22.2042068369723     0.07404
1004     22.2042373640725    -0.06338
1005     22.2042678911727     0.05959
1006     22.2042984182728    -0.01564
1007     22.2043289453730     0.12128
1008     22.2043594724732     0.04399
1009     22.2043899995734    -0.14308
1010     22.2044205266736     0.01784
1011     22.2044510537737    -0.03625
1012     22.2044815808739     0.01678
1013     22.2045121079741    -0.02951
1014     22.2045426350743    -0.02084
1015     22.2045731621745     0.04475
1016     22.2046036892746     0.21776
1017     22.2046342163748     0.10602
1018     22.2046647434750     0.03951
1019     22.2046952705752     0.01289
1020     22.2047257976754     0.04134
1021     22.2047563247755    -0.11062
1022     22.2047868518757    -0.03206
1023     22.2048173789759    -0.04282
1024     22.2048479060761     0.01261
1025     22.2048784331763     0.13485
1026     22.2049089602764     0.03688
1027     22.2049394873766     0.11563
1028     22.2049700144768    -0.07474
1029     22.2050005415770     0.05521
1030     22.2050310686771    -0.09444
1031     22.2050615957773     0.01527
1032     22.2050921228775     0.01217
1033     22.2051226499777     0.10080
1034     22.2051531770779    -0.00634
1035     22.2051837041780    -0.04415
1036     22.2052142312782     0.11205
1037     22.2052447583784     0.22851
1038     22.2052752854786     0.08053
1039     22.2053058125788     0.01423
1040     22.2053363396789    -0.15497
1041     22.2053668667791    -0.02239
1042     22.2053973938793    -0.03114
1043     22.2054279209795    -0.00269
1044     22.2054584480797     0.06226
1045     22.2054889751798     0.16840
1046     22.2055195022800    -0.03314
1047     22.2055500293802     0.00135
1048     22.2055805564804    -0.01396
1049     22.2056110835806     0.04414
1050     22.2056416106807     0.07073
1051     22.2056721377809    -0.04703
1052     22.2057026648811     0.09874
1053     22.2057331919813     0.00426
1054     22.2057637190815     0.08703
1055     22.2057942461816    -0.01843
1056     22.2058247732818    -0.07165
1057     22.2058553003820     0.07044
1058     22.2058858274822     0.07453
1059     22.2059163545824    -0.09306
1060     22.2059468816825     0.03952
1061     22.2059774087827     0.04162
1062     22.2060079358829     0.07683
1063     22.2060384629831    -0.03252
1064     22.2060689900833    -0.18351
1065     22.2060995171834     0.03298
1066     22.2061300442836     0.14356
1067     22.2061605713838     0.01335
1068     22.2061910984840    -0.21056
1069     22.2062216255842     0.02593
1070     22.2062521526843     0.14928
1071     22.2062826797845     0.00542
1072     22.2063132068847     0.08793
1073     22.2063437339849    -0.06516
1074     22.2063742610851    -0.06264
1075     22.2064047881852    -0.21982
1076     22.2064353152854    -0.01454
1077     22.2064658423856     0.10060
1078     22.2064963694858     0.23399
1079     22.2065268965860    -0.02013
1080     22.2065574236861    -0.05300
1081     22.2065879507863     0.08467
1082     22.2066184778865     0.01869
1083     22.2066490049867     0.01320
1084     22.2066795320869     0.12609
1085     22.2067100591870     0.09204
1086     22.2067405862872    -0.05404
1087     22.2067711133874    -0.12103
1088     22.2068016404876    -0.02847
1089     22.2068321675878    -0.03823
1090     22.2068626946879     0.00048
1091     22.2068932217881     0.03275
1092     22.2069237488883    -0.03982
1093     22.2069542759885     0.03884
1094     22.2069848030887     0.06803
1095     22.2070153301888    -0.08569
1096     22.2070458572890    -0.05275
1097     22.2070763843892     0.08245
1098     22.2071069114894     0.11573
1099     22.2071374385896     0.00977
1100     22.2071679656897    -0.01518
1101     22.2071984927899    -0.05654
1102     22.2072290198901     0.09704
1103     22.2072595469903     0.04236
1104     22.2072900740905    -0.02173
1105     22.2073206011906    -0.00933
1106     22.2073511282908     0.03915
1107     22.2073816553910     0.06878
1108     22.2074121824912     0.00219
1109     22.2074427095913     0.03518
1110     22.2074732366915     0.05906
1111     22.2075037637917     0.08627
1112     22.2075342908919    -0.04428
1113     22.2075648179921    -0.04427
1114     22.2075953450922    -0.01424
1115     22.2076258721924    -0.08896
1116     22.2076563992926     0.08910
1117     22.2076869263928     0.01221
1118     22.2077174534930     0.03035
1119     22.2077479805931    -0.10335
1120     22.2077785076933    -0.04713
1121     22.2078090347935     0.05001
1122     22.2078395618937    -0.17143
1123     22.2078700889939    -0.14282
1124     22.2079006160940     0.08304
1125     22.2079311431942    -0.08916
1126     22.2079616702944     0.00300
1127     22.2079921973946     0.02212
1128     22.2080227244948    -0.07353
1129     22.2080532515949    -0.05424
1130     22.2080837786951     0.07866
1131     22.2081143057953    -0.17656
1132     22.2081448328955    -0.02458
1133     22.2081753599957    -0.00495
1134     22.2082058870958     0.09345
1135     22.2082364141960     0.13198
1136     22.2082669412962     0.08182
1137     22.2082974683964     0.11095
1138     22.2083279954966    -0.01782
1139     22.2083585225967     0.03443
1140     22.2083890496969    -0.05194
1141     22.2084195767971     0.09646
1142     22.2084501038973    -0.06749
1143     22.2084806309975     0.09348
1144     22.2085111580976    -0.05365
1145     22.2085416851978    -0.00185
1146     22.2085722122980    -0.12953
1147     22.2086027393982     0.00867
1148     22.2086332664984    -0.02817
1149     22.2086637935985     0.05337
1150     22.2086943206987     0.01528
1151     22.2087248477989     0.00149
1152     22.2087553748991    -0.09917
1153     22.2087859019993     0.05625
1154     22.2088164290994     0.00275
1155     22.2088469561996    -0.00501
1156     22.2088774832998     0.04440
1157     22.2089080104000    -0.16959
1158     22.2089385375002    -0.01351
1159     22.2089690646003     0.04469
1160     22.2089995917005    -0.13489
1161     22.2090301188007    -0.03751
1162     22.2090606459009    -0.12173
1163     22.2090911730011    -0.05464
1164     22.2091217001012    -0.02111
1165     22.2091522272014    -0.00486
1166     22.2091827543016     0.14630
1167     22.2092132814018     0.11918
1168     22.2092438085020    -0.17283
1169     22.2092743356021     0.01890
1170     22.2093048627023    -0.05303
1171     22.2093353898025    -0.07263
1172     22.2093659169027    -0.13966
1173     22.2093964440029     0.00200
1174     22.2094269711030     0.02061
1175     22.2094574982032     0.03349
1176     22.2094880253034     0.13657
1177     22.2095185524036     0.01296
1178     22.2095490795037    -0.02407
1179     22.2095796066039     0.09082
1180     22.2096101337041     0.02167
1181     22.2096406608043     0.03335
1182     22.2096711879045    -0.13046
1183     22.2097017150046    -0.07752
1184     22.2097322421048    -0.05347
1185     22.2097627692050    -0.05795
1186     22.2097932963052    -0.02922
1187     22.2098238234054     0.23126
1188     22.2098543505055     0.00496
1189     22.2098848776057    -0.11616
1190     22.2099154047059    -0.10495
1191     22.2099459318061    -0.00046
1192     22.2099764589063    -0.01846
1193     22.2100069860064     0.09922
1194     22.2100375131066    -0.00460
1195     22.2100680402068     0.04196
1196     22.2100985673070    -0.10722
1197     22.2101290944072    -0.12205
1198     22.2101596215073    -0.03298
1199     22.2101901486075    -0.10847
1200     22.2102206757077     0.06993
1201     22.2102512028079     0.08022
1202     22.2102817299081    -0.05001
1203     22.2103122570082    -0.02235
1204     22.2103427841084    -0.14539
1205     22.2103733112086     0.03839
1206     22.2104038383088     0.13076
1207     22.2104343654090     0.02747
1208     22.2104648925091     0.06803
1209     22.2104954196093     0.07111
1210     22.2105259467095     0.02754
1211     22.2105564738097     0.04353
1212     22.2105870009099    -0.10415
1213     22.2106175280100     0.06209
1214     22.2106480551102     0.06534
1215     22.2106785822104     0.14170
1216     22.2107091093106    -0.07975
1217     22.2107396364108    -0.01140
1218     22.2107701635109     0.11640
1219     22.2108006906111     0.08145
1220     22.2108312177113    -0.09740
1221     22.2108617448115     0.05749
1222     22.2108922719117     0.09484
1223     22.2109227990118     0.04950
1224     22.2109533261120     0.04571
1225     22.2109838532122     0.15540
1226     22.2110143803124    -0.05574
1227     22.2110449074126    -0.01905
1228     22.2110754345127    -0.09240
1229     22.2111059616129     0.03510
1230     22.2111364887131     0.05402
1231     22.2111670158133     0.02454
1232     22.2111975429135    -0.02362
1233     22.2112280700136    -0.04438
1234     22.2112585971138    -0.02344
1235     22.2112891242140    -0.07476
1236     22.2113196513142    -0.06275
1237     22.2113501784143     0.00643
1238     22.2113807055145    -0.04884
1239     22.2114112326147    -0.12740
1240     22.2114417597149    -0.08323
1241     22.2114722868151    -0.03888
1242     22.2115028139152     0.02790
1243     22.2115333410154    -0.03361
1244     22.2115638681156    -0.00354
1245     22.2115943952158    -0.06624
1246     22.2116249223160     0.01601
1247     22.2116554494161    -0.03745
1248     22.2116859765163     0.06596
1249     22.2117165036165    -0.00135
1250     22.2117470307167    -0.07922
1251     22.2117775578169    -0.02720
1252     22.2118080849170     0.03290
1253     22.2118386120172     0.01204
1254     22.2118691391174     0.18032
1255     22.2118996662176     0.01636
1256     22.2119301933178    -0.00030
1257     22.2119607204179    -0.10480
1258     22.2119912475181    -0.05168
1259     22.2120217746183     0.00647
1260     22.2120523017185     0.13344
1261     22.2120828288187     0.02680
1262     22.2121133559188    -0.01406
1263     22.2121438830190     0.09768
1264     22.2121744101192    -0.04731
1265     22.2122049372194    -0.08336
1266     22.2122354643196     0.01868
1267     22.2122659914197    -0.08644
1268     22.2122965185199     0.01665
1269     22.2123270456201     0.05222
1270     22.2123575727203    -0.01139
1271     22.2123880998205    -0.10633
1272     22.2124186269206     0.00929
1273     22.2124491540208     0.02063
1274     22.2124796811210    -0.01404
1275     22.2125102082212    -0.01853
1276     22.2125407353214    -0.12197
1277     22.2125712624215    -0.15619
1278     22.2126017895217    -0.12938
1279     22.2126323166219    -0.02193
1280     22.2126628437221     0.08931
1281     22.2126933708223    -0.01608
1282     22.2127238979224     0.01614
1283     22.2127544250226     0.05411
1284     22.2127849521228    -0.04824
1285     22.2128154792230     0.01017
1286     22.2128460063232     0.05268
1287     22.2128765334233     0.04386
1288     22.2129070605235     0.06787
1289     22.2129375876237     0.08067
1290     22.2129681147239     0.08449
1291     22.2129986418241    -0.11052
1292     22.2130291689242    -0.07057
1293     22.2130596960244     0.04243
1294     22.2130902231246     0.08992
1295     22.2131207502248     0.05242
1296     22.2131512773250     0.03678
1297     22.2131818044251    -0.10152
1298     22.2132123315253     0.00802
1299     22.2132428586255    -0.07653
1300     22.2132733857257    -0.00921
1301     22.2133039128259     0.14744
1302     22.2133344399260     0.07504
1303     22.2133649670262     0.13286
1304     22.2133954941264    -0.00074
1305     22.2134260212266    -0.01499
1306     22.2134565483268     0.02708
1307     22.2134870754269     0.02567
1308     22.2135176025271     0.02577
1309     22.2135481296273     0.03632
1310     22.2135786567275     0.05070
1311     22.2136091838276     0.00309
1312     22.2136397109278     0.08871
1313     22.2136702380280     0.04922
1314     22.2137007651282     0.13075
1315     22.2137312922284     0.05718
1316     22.2137618193285     0.15074
1317     22.2137923464287    -0.04904
1318     22.2138228735289     0.06338
1319     22.2138534006291     0.04617
1320     22.2138839277293     0.10252
1321     22.2139144548294     0.07325
1322     22.2139449819296    -0.07509
1323     22.2139755090298    -0.10395
1324     22.2140060361300     0.22744
1325     22.2140365632302    -0.00754
1326     22.2140670903303     0.01741
1327     22.2140976174305    -0.00293
1328     22.2141281445307    -0.05447
1329     22.2141586716309     0.08470
1330     22.2141891987311     0.04751
1331     22.2142197258312     0.10850
1332     22.2142502529314     0.01736
1333     22.2142807800316     0.06397
1334     22.2143113071318     0.06589
1335     22.2143418342320     0.01474
1336     22.2143723613321     0.05602
1337     22.2144028884323     0.08719
1338     22.2144334155325     0.04791
1339     22.2144639426327     0.01807
1340     22.2144944697329    -0.14749
1341     22.2145249968330    -0.08819
1342     22.2145555239332    -0.05091
1343     22.2145860510334     0.05316
1344     22.2146165781336     0.07648
1345     22.2146471052338     0.07956
1346     22.2146776323339     0.11838
1347     22.2147081594341     0.02994
1348     22.2147386865343    -0.15925
1349     22.2147692136345    -0.03403
1350     22.2147997407347     0.05045
1351     22.2148302678348    -0.16422
1352     22.2148607949350     0.01756
1353     22.2148913220352     0.03173
1354     22.2149218491354     0.02866
1355     22.2149523762356    -0.18456
1356     22.2149829033357     0.08104
1357     22.2150134304359    -0.01496
1358     22.2150439575361    -0.00220
1359     22.2150744846363     0.06301
1360     22.2151050117365     0.00692
1361     22.2151355388366     0.08819
1362     22.2151660659368    -0.01163
1363     22.2151965930370    -0.04648
1364     22.2152271201372    -0.09576
1365     22.2152576472374     0.05190
1366     22.2152881743375    -0.14140
1367     22.2153187014377    -0.07579
1368     22.2153492285379    -0.03748
1369     22.2153797556381     0.04225
1370     22.2154102827383     0.00222
1371     22.2154408098384    -0.08291
1372     22.2154713369386     0.02288
1373     22.2155018640388     0.05105
1374     22.2155323911390    -0.07211
1375     22.2155629182392     0.10407
1376     22.2155934453393     0.00203
1377     22.2156239724395    -0.10484
1378     22.2156544995397    -0.02213
1379     22.2156850266399     0.05011
1380     22.2157155537401    -0.04992
1381     22.2157460808402     0.03113
1382     22.2157766079404    -0.08933
1383     22.2158071350406    -0.13500
1384     22.2158376621408     0.07856
1385     22.2158681892410    -0.07385
1386     22.2158987163411    -0.06012
1387     22.2159292434413     0.02417
1388     22.2159597705415     0.05885
1389     22.2159902976417    -0.00064
1390     22.2160208247418     0.03669
1391     22.2160513518420     0.09938
1392     22.2160818789422     0.09120
1393     22.2161124060424     0.00796
1394     22.2161429331426     0.14285
1395     22.2161734602427    -0.09470
1396     22.2162039873429    -0.08273
1397     22.2162345144431     0.07827
1398     22.2162650415433    -0.02909
1399     22.2162955686435    -0.10669
1400     22.2163260957436    -0.13737
1401     22.2163566228438     0.04033
1402     22.2163871499440     0.00002
1403     22.2164176770442     0.04394
1404     22.2164482041444     0.07271
1405     22.2164787312445     0.07466
1406     22.2165092583447    -0.02860
1407     22.2165397854449     0.03236
1408     22.2165703125451     0.02469
1409     22.2166008396453     0.09202
1410     22.2166313667454    -0.00892
1411     22.2166618938456    -0.14772
1412     22.2166924209458    -0.01295
1413     22.2167229480460     0.04454
1414     22.2167534751462     0.07223
1415     22.2167840022463    -0.04984
1416     22.2168145293465    -0.04316
1417     22.2168450564467     0.00735
1418     22.2168755835469     0.04646
1419     22.2169061106471    -0.10496
1420     22.2169366377472     0.04191
1421     22.2169671648474     0.00878
1422     22.2169976919476    -0.06002
1423     22.2170282190478    -0.01725
1424     22.2170587461480    -0.06471
1425     22.2170892732481     0.08764
1426     22.2171198003483     0.08498
1427     22.2171503274485     0.03860
1428     22.2171808545487    -0.09665
1429     22.2172113816489    -0.07846
1430     22.2172419087490    -0.11921
1431     22.2172724358492     0.11460
1432     22.2173029629494    -0.00956
1433     22.2173334900496     0.08163
1434     22.2173640171498     0.06108
1435     22.2173945442499    -0.21459
1436     22.2174250713501    -0.13416
1437     22.2174555984503    -0.04952
1438     22.2174861255505     0.05101
1439     22.2175166526507     0.02554
1440     22.2175471797508    -0.17134
1441     22.2175777068510    -0.01577
1442     22.2176082339512     0.02520
1443     22.2176387610514     0.03700
1444     22.2176692881516    -0.07839
1445     22.2176998152517     0.07555
1446     22.2177303423519    -0.13899
1447     22.2177608694521    -0.06762
1448     22.2177913965523    -0.10202
1449     22.2178219236525    -0.00215
1450     22.2178524507526     0.03857
1451     22.2178829778528     0.14743
1452     22.2179135049530    -0.16824
1453     22.2179440320532     0.01458
1454     22.2179745591533    -0.03549
1455     22.2180050862535     0.03888
1456     22.2180356133537    -0.16791
1457     22.2180661404539    -0.03263
1458     22.2180966675541     0.14200
1459     22.2181271946542     0.05961
1460     22.2181577217544     0.04930
1461     22.2181882488546     0.05104
1462     22.2182187759548     0.03291
1463     22.2182493030550     0.06174
1464     22.2182798301551     0.02180
1465     22.2183103572553    -0.04574
1466     22.2183408843555     0.01447
1467     22.2183714114557    -0.07745
1468     22.2184019385559    -0.08617
1469     22.2184324656560     0.05082
1470     22.2184629927562    -0.11128
1471     22.2184935198564    -0.16484
1472     22.2185240469566    -0.02106
1473     22.2185545740568    -0.02491
1474     22.2185851011569    -0.01841
1475     22.2186156282571    -0.05566
1476     22.2186461553573    -0.01790
1477     22.2186766824575     0.00964
1478     22.2187072095577     0.10071
1479     22.2187377366578     0.13512
1480     22.2187682637580    -0.01776
1481     22.2187987908582     0.14084
1482     22.2188293179584    -0.04172
1483     22.2188598450586    -0.02871
1484     22.2188903721587    -0.01039
1485     22.2189208992589    -0.02829
1486     22.2189514263591    -0.00907
1487     22.2189819534593     0.09773
1488     22.2190124805595    -0.13119
1489     22.2190430076596     0.03053
1490     22.2190735347598     0.09076
1491     22.2191040618600     0.08516
1492     22.2191345889602     0.02594
1493     22.2191651160604    -0.12295
1494     22.2191956431605    -0.05336
1495     22.2192261702607    -0.20229
1496     22.2192566973609    -0.10286
1497     22.2192872244611    -0.00988
1498     22.2193177515613     0.10265
1499     22.2193482786614    -0.03351
1500     22.2193788057616    -0.08784
1501     22.2194093328618     0.11454
1502     22.2194398599620     0.00225
1503     22.2194703870622     0.12035
1504     22.2195009141623    -0.04818
1505     22.2195314412625    -0.03341
1506     22.2195619683627     0.06185
1507     22.2195924954629     0.05700
1508     22.2196230225631     0.05675
1509     22.2196535496632    -0.22778
1510     22.2196840767634     0.04275
1511     22.2197146038636    -0.05331
1512     22.2197451309638    -0.03629
1513     22.2197756580640     0.05050
1514     22.2198061851641     0.02159
1515     22.2198367122643    -0.06132
1516     22.2198672393645     0.01536
1517     22.2198977664647     0.06770
1518     22.2199282935648     0.05355
1519     22.2199588206650    -0.03686
1520     22.2199893477652     0.02177
1521     22.2200198748654    -0.11909
1522     22.2200504019656     0.02678
1523     22.2200809290657    -0.17216
1524     22.2201114561659    -0.14798
1525     22.2201419832661     0.07440
1526     22.2201725103663    -0.04475
1527     22.2202030374665     0.02555
1528     22.2202335645666     0.17664
1529     22.2202640916668    -0.05645
1530     22.2202946187670     0.01493
1531     22.2203251458672    -0.10269
1532     22.2203556729674     0.08040
1533     22.2203862000675    -0.03130
1534     22.2204167271677     0.02351
1535     22.2204472542679    -0.08237
1536     22.2204777813681    -0.00568
1537     22.2205083084683    -0.01615
1538     22.2205388355684    -0.09813
1539     22.2205693626686    -0.17127
1540     22.2205998897688    -0.14007
1541     22.2206304168690     0.06889
1542     22.2206609439692    -0.08439
1543     22.2206914710693    -0.14763
1544     22.2207219981695    -0.09669
1545     22.2207525252697    -0.00675
1546     22.2207830523699    -0.10229
1547     22.2208135794701    -0.17111
1548     22.2208441065702     0.02161
1549     22.2208746336704    -0.02462
1550     22.2209051607706     0.02163
1551     22.2209356878708     0.01815
1552     22.2209662149710    -0.12747
1553     22.2209967420711     0.02345
1554     22.2210272691713     0.04181
1555     22.2210577962715     0.01819
1556     22.2210883233717    -0.06256
1557     22.2211188504719     0.10410
1558     22.2211493775720     0.07648
1559     22.2211799046722     0.01105
1560     22.2212104317724    -0.04362
1561     22.2212409588726    -0.07308
1562     22.2212714859728     0.05957
1563     22.2213020130729    -0.03962
1564     22.2213325401731     0.02983
1565     22.2213630672733     0.03670
1566     22.2213935943735     0.16351
1567     22.2214241214737    -0.10416
1568     22.2214546485738     0.02414
1569     22.2214851756740     0.08711
1570     22.2215157027742     0.06643
1571     22.2215462298744     0.09243
1572     22.2215767569746    -0.00986
1573     22.2216072840747     0.16248
1574     22.2216378111749    -0.00475
1575     22.2216683382751     0.04616
1576     22.2216988653753    -0.08538
1577     22.2217293924755    -0.13470
1578     22.2217599195756    -0.02820
1579     22.2217904466758     0.04284
1580     22.2218209737760    -0.00657
1581     22.2218515008762    -0.06930
1582     22.2218820279763     0.02559
1583     22.2219125550765     0.05745
1584     22.2219430821767     0.15728
1585     22.2219736092769     0.08209
1586     22.2220041363771    -0.06817
1587     22.2220346634772    -0.01992
1588     22.2220651905774    -0.14393
1589     22.2220957176776    -0.06942
1590     22.2221262447778    -0.22052
1591     22.2221567718780    -0.16894
1592     22.2221872989782    -0.08914
1593     22.2222178260783    -0.12831
1594     22.2222483531785     0.14622
1595     22.2222788802787     0.07176
1596     22.2223094073789     0.02115
1597     22.2223399344790    -0.10303
1598     22.2223704615792     0.07220
1599     22.2224009886794     0.01102
1600     22.2224315157796    -0.01122
1601     22.2224620428798    -0.02311
1602     22.2224925699799     0.14488
1603     22.2225230970801    -0.05588
1604     22.2225536241803     0.00065
1605     22.2225841512805    -0.06135
1606     22.2226146783807    -0.12387
1607     22.2226452054808    -0.10232
1608     22.2226757325810     0.01116
1609     22.2227062596812    -0.14603
1610     22.2227367867814    -0.04206
1611     22.2227673138816    -0.00791
1612     22.2227978409817     0.01606
1613     22.2228283680819     0.03188
1614     22.2228588951821    -0.11462
1615     22.2228894222823     0.13886
1616     22.2229199493825     0.04977
1617     22.2229504764826     0.06510
1618     22.2229810035828     0.02111
1619     22.2230115306830     0.04052
1620     22.2230420577832    -0.12828
1621     22.2230725848834     0.04782
1622     22.2231031119835    -0.00086
1623     22.2231336390837     0.09557
1624     22.2231641661839    -0.03298
1625     22.2231946932841    -0.08813
1626     22.2232252203843     0.11985
1627     22.2232557474844    -0.00418
1628     22.2232862745846     0.08183
1629     22.2233168016848    -0.00433
1630     22.2233473287850    -0.04493
1631     22.2233778558852    -0.00786
1632     22.2234083829853     0.07506
1633     22.2234389100855     0.05699
1634     22.2234694371857    -0.00072
1635     22.2234999642859    -0.06685
1636     22.2235304913861    -0.12420
1637     22.2235610184862     0.08761
1638     22.2235915455864     0.00109
1639     22.2236220726866     0.00038
1640     22.2236525997868     0.05670
1641     22.2236831268870    -0.00063
1642     22.2237136539871    -0.12354
1643     22.2237441810873    -0.03012
1644     22.2237747081875    -0.15762
1645     22.2238052352877     0.11647
1646     22.2238357623879    -0.11124
1647     22.2238662894880     0.03399
1648     22.2238968165882     0.11466
1649     22.2239273436884    -0.08503
1650     22.2239578707886    -0.05274
1651     22.2239883978887    -0.10715
1652     22.2240189249889     0.10158
1653     22.2240494520891    -0.02634
1654     22.2240799791893     0.05485
1655     22.2241105062895    -0.02199
1656     22.2241410333896    -0.13920
1657     22.2241715604898    -0.02291
1658     22.2242020875900    -0.05911
1659     22.2242326146902    -0.01745
1660     22.2242631417904    -0.05590
1661     22.2242936688905     0.04759
1662     22.2243241959907    -0.03504
1663     22.2243547230909    -0.01398
1664     22.2243852501911    -0.03051
1665     22.2244157772913    -0.14027
1666     22.2244463043914     0.06282
1667     22.2244768314916    -0.00934
1668     22.2245073585918     0.05267
1669     22.2245378856920     0.04660
1670     22.2245684127922    -0.09798
1671     22.2245989398923     0.11744
1672     22.2246294669925    -0.00427
1673     22.2246599940927    -0.12332
1674     22.2246905211929     0.07110
1675     22.2247210482931     0.05441
1676     22.2247515753932    -0.02440
1677     22.2247821024934     0.06507
1678     22.2248126295936    -0.01254
1679     22.2248431566938     0.04035
1680     22.2248736837940     0.06969
1681     22.2249042108941    -0.14936
1682     22.2249347379943    -0.09031
1683     22.2249652650945    -0.04852
1684     22.2249957921947    -0.09870
1685     22.2250263192949     0.12662
1686     22.2250568463950     0.03259
1687     22.2250873734952    -0.02963
1688     22.2251179005954     0.08295
1689     22.2251484276956    -0.01752
1690     22.2251789547958    -0.08871
1691     22.2252094818959     0.03589
1692     22.2252400089961     0.02060
1693     22.2252705360963    -0.04416
1694     22.2253010631965    -0.13331
1695     22.2253315902967    -0.02128
1696     22.2253621173968     0.08202
1697     22.2253926444970     0.06411
1698     22.2254231715972    -0.02686
1699     22.2254536986974     0.04818
1700     22.2254842257976    -0.15548
1701     22.2255147528977     0.11376
1702     22.2255452799979     0.22446
1703     22.2255758070981    -0.10707
1704     22.2256063341983    -0.01278
1705     22.2256368612985     0.02535
1706     22.2256673883986     0.04272
1707     22.2256979154988     0.05564
1708     22.2257284425990     0.14934
1709     22.2257589696992     0.03093
1710     22.2257894967994     0.02471
1711     22.2258200238995     0.07368
1712     22.2258505509997    -0.11059
1713     22.2258810780999    -0.01519
1714     22.2259116052001    -0.05371
1715     22.2259421323003    -0.16110
1716     22.2259726594004    -0.05554
1717     22.2260031865006     0.05760
1718     22.2260337136008    -0.02151
1719     22.2260642407010    -0.04894
1720     22.2260947678012     0.13593
1721     22.2261252949013     0.06158
1722     22.2261558220015    -0.04974
1723     22.2261863491017     0.12053
1724     22.2262168762019    -0.00573
1725     22.2262474033021    -0.12148
1726     22.2262779304022     0.04516
1727     22.2263084575024     0.04167
1728     22.2263389846026     0.02769
1729     22.2263695117028    -0.03506
1730     22.2264000388030     0.00757
1731     22.2264305659031     0.07421
1732     22.2264610930033     0.03084
1733     22.2264916201035     0.09077
1734     22.2265221472037    -0.00603
1735     22.2265526743038     0.19185
1736     22.2265832014040     0.09371
1737     22.2266137285042     0.04196
1738     22.2266442556044     0.04578
1739     22.2266747827046    -0.07081
1740     22.2267053098047     0.11731
1741     22.2267358369049     0.08425
1742     22.2267663640051     0.02853
1743     22.2267968911053    -0.05396
1744     22.2268274182055     0.03457
1745     22.2268579453056     0.07799
1746     22.2268884724058     0.06529
1747     22.2269189995060     0.15057
1748     22.2269495266062     0.03254
1749     22.2269800537064    -0.03271
1750     22.2270105808065     0.12153
1751     22.2270411079067    -0.04317
1752     22.2270716350069    -0.00757
1753     22.2271021621071     0.05191
1754     22.2271326892073     0.10767
1755     22.2271632163074    -0.03011
1756     22.2271937434076     0.07677
1757     22.2272242705078    -0.08474
1758     22.2272547976080     0.00215
1759     22.2272853247082     0.04551
1760     22.2273158518083     0.13218
1761     22.2273463789085    -0.02452
1762     22.2273769060087     0.04124
1763     22.2274074331089    -0.01418
1764     22.2274379602091     0.08750
1765     22.2274684873092    -0.09640
1766     22.2274990144094     0.14215
1767     22.2275295415096     0.01658
1768     22.2275600686098     0.08101
1769     22.2275905957100     0.07109
1770     22.2276211228101     0.03164
1771     22.2276516499103     0.06726
1772     22.2276821770105     0.00763
1773     22.2277127041107    -0.01642
1774     22.2277432312109    -0.05289
1775     22.2277737583110     0.26471
1776     22.2278042854112    -0.05321
1777     22.2278348125114    -0.05784
1778     22.2278653396116     0.15340
1779     22.2278958667118    -0.07174
1780     22.2279263938119    -0.06198
1781     22.2279569209121    -0.01989
1782     22.2279874480123    -0.01164
1783     22.2280179751125     0.12294
1784     22.2280485022127    -0.00954
1785     22.2280790293128     0.04562
1786     22.2281095564130     0.02957
1787     22.2281400835132     0.19755
1788     22.2281706106134     0.08036
1789     22.2282011377135     0.05463
1790     22.2282316648137     0.03587
1791     22.2282621919139     0.09791
1792     22.2282927190141     0.09028
1793     22.2283232461143     0.02501
1794     22.2283537732144    -0.10293
1795     22.2283843003146    -0.02886
1796     22.2284148274148    -0.02652
1797     22.2284453545150    -0.00716
1798     22.2284758816152     0.04061
1799     22.2285064087153    -0.03884
1800     22.2285369358155    -0.00286
1801     22.2285674629157     0.12383
1802     22.2285979900159     0.04177
1803     22.2286285171161    -0.13468
1804     22.2286590442162    -0.04329
1805     22.2286895713164     0.01039
1806     22.2287200984166    -0.10083
1807     22.2287506255168    -0.07451
1808     22.2287811526170     0.10608
1809     22.2288116797171     0.00247
1810     22.2288422068173     0.05614
1811     22.2288727339175     0.05235
1812     22.2289032610177     0.01837
1813     22.2289337881179    -0.06200
1814     22.2289643152180     0.02591
1815     22.2289948423182     0.01728
1816     22.2290253694184     0.02046
1817     22.2290558965186     0.00427
1818     22.2290864236188     0.05624
1819     22.2291169507189     0.01928
1820     22.2291474778191     0.02587
1821     22.2291780049193     0.03970
1822     22.2292085320195     0.05879
1823     22.2292390591197    -0.06761
1824     22.2292695862198    -0.06032
1825     22.2293001133200     0.05457
1826     22.2293306404202     0.08367
1827     22.2293611675204     0.00278
1828     22.2293916946206    -0.01733
1829     22.2294222217207    -0.08313
1830     22.2294527488209     0.08017
1831     22.2294832759211    -0.05643
1832     22.2295138030213     0.08692
1833     22.2295443301215     0.02039
1834     22.2295748572216     0.04026
1835     22.2296053843218    -0.05033
1836     22.2296359114220     0.12172
1837     22.2296664385222    -0.06623
1838     22.2296969656224    -0.03960
1839     22.2297274927225     0.00092
1840     22.2297580198227     0.04316
1841     22.2297885469229     0.01280
1842     22.2298190740231    -0.12996
1843     22.2298496011233    -0.02954
1844     22.2298801282234     0.10607
1845     22.2299106553236    -0.01968
1846     22.2299411824238     0.00666
1847     22.2299717095240     0.04780
1848     22.2300022366242    -0.12579
1849     22.2300327637243    -0.03244
1850     22.2300632908245     0.05132
1851     22.2300938179247     0.11889
1852     22.2301243450249     0.12867
1853     22.2301548721251    -0.07203
1854     22.2301853992252    -0.02471
1855     22.2302159263254    -0.11738
1856     22.2302464534256     0.00002
1857     22.2302769805258    -0.01922
1858     22.2303075076260     0.07206
1859     22.2303380347261    -0.02275
1860     22.2303685618263    -0.07259
1861     22.2303990889265     0.08061
1862     22.2304296160267     0.19927
1863     22.2304601431269    -0.01741
1864     22.2304906702270    -0.14611
1865     22.2305211973272     0.01793
1866     22.2305517244274     0.01783
1867     22.2305822515276     0.13242
1868     22.2306127786277     0.03659
1869     22.2306433057279     0.07659
1870     22.2306738328281    -0.13317
1871     22.2307043599283     0.11378
1872     22.2307348870285     0.07253
1873     22.2307654141286    -0.21744
1874     22.2307959412288     0.08955
1875     22.2308264683290     0.04890
1876     22.2308569954292    -0.04383
1877     22.2308875225294    -0.01176
1878     22.2309180496295     0.02040
1879     22.2309485767297    -0.02575
1880     22.2309791038299     0.07784
1881     22.2310096309301    -0.13836
1882     22.2310401580303     0.02831
1883     22.2310706851304     0.07627
1884     22.2311012122306     0.02359
1885     22.2311317393308    -0.11103
1886     22.2311622664310     0.06401
1887     22.2311927935312    -0.01583
1888     22.2312233206313     0.07655
1889     22.2312538477315     0.00741
1890     22.2312843748317    -0.04815
1891     22.2313149019319     0.02590
1892     22.2313454290321    -0.13790
1893     22.2313759561322    -0.01817
1894     22.2314064832324     0.11032
1895     22.2314370103326    -0.06191
1896     22.2314675374328     0.00162
1897     22.2314980645330     0.02135
1898     22.2315285916331    -0.03387
1899     22.2315591187333    -0.06550
1900     22.2315896458335    -0.03531
1901     22.2316201729337     0.05484
1902     22.2316507000339     0.03819
1903     22.2316812271340     0.07259
1904     22.2317117542342    -0.17493
1905     22.2317422813344     0.03580
1906     22.2317728084346     0.03980
1907     22.2318033355348    -0.00369
1908     22.2318338626349    -0.14461
1909     22.2318643897351     0.03315
1910     22.2318949168353     0.08714
1911     22.2319254439355     0.04107
1912     22.2319559710357     0.13362
1913     22.2319864981358     0.05677
1914     22.2320170252360     0.04799
1915     22.2320475523362     0.02547
1916     22.2320780794364     0.04390
1917     22.2321086065366    -0.03477
1918     22.2321391336367     0.07363
1919     22.2321696607369     0.03669
1920     22.2322001878371    -0.10401
1921     22.2322307149373     0.05517
1922     22.2322612420375    -0.07727
1923     22.2322917691376    -0.16823
1924     22.2323222962378    -0.08466
1925     22.2323528233380    -0.00065
1926     22.2323833504382     0.07249
1927     22.2324138775384    -0.10474
1928     22.2324444046385    -0.04287
1929     22.2324749317387    -0.06758
1930     22.2325054588389    -0.07302
1931     22.2325359859391     0.00789
1932     22.2325665130393    -0.10869
1933     22.2325970401394     0.01525
1934     22.2326275672396    -0.16449
1935     22.2326580943398     0.05536
1936     22.2326886214400    -0.03852
1937     22.2327191485401    -0.12927
1938     22.2327496756403    -0.02996
1939     22.2327802027405    -0.00649
1940     22.2328107298407     0.04664
1941     22.2328412569409    -0.01298
1942     22.2328717840410     0.02472
1943     22.2329023111412    -0.08539
1944     22.2329328382414     0.04220
1945     22.2329633653416    -0.01404
1946     22.2329938924418    -0.03163
1947     22.2330244195419     0.01943
1948     22.2330549466421     0.05374
1949     22.2330854737423    -0.00420
1950     22.2331160008425     0.06539
1951     22.2331465279427    -0.17811
1952     22.2331770550428    -0.06487
1953     22.2332075821430    -0.08881
1954     22.2332381092432    -0.09374
1955     22.2332686363434     0.04049
1956     22.2332991634436    -0.06597
1957     22.2333296905437    -0.08002
1958     22.2333602176439     0.04890
1959     22.2333907447441    -0.02606
1960     22.2334212718443    -0.10474
1961     22.2334517989445    -0.08826
1962     22.2334823260446    -0.07944
1963     22.2335128531448    -0.08923
1964     22.2335433802450    -0.03099
1965     22.2335739073452    -0.08468
1966     22.2336044344454    -0.04244
1967     22.2336349615455     0.14089
1968     22.2336654886457    -0.04505
1969     22.2336960157459    -0.20345
1970     22.2337265428461    -0.06826
1971     22.2337570699463    -0.12595
1972     22.2337875970464    -0.22397
1973     22.2338181241466    -0.01842
1974     22.2338486512468    -0.18980
1975     22.2338791783470    -0.08236
1976     22.2339097054472    -0.05588
1977     22.2339402325473     0.04903
1978     22.2339707596475    -0.16974
1979     22.2340012867477    -0.02917
1980     22.2340318138479     0.05754
1981     22.2340623409481    -0.20994
1982     22.2340928680482    -0.08391
1983     22.2341233951484    -0.12422
1984     22.2341539222486    -0.19069
1985     22.2341844493488     0.01748
1986     22.2342149764490    -0.09979
1987     22.2342455035491    -0.19276
1988     22.2342760306493    -0.15418
1989     22.2343065577495    -0.16155
1990     22.2343370848497    -0.08148
1991     22.2343676119499    -0.07710
1992     22.2343981390500    -0.01509
1993     22.2344286661502    -0.09852
1994     22.2344591932504    -0.19054
1995     22.2344897203506     0.03600
1996     22.2345202474507    -0.03325
1997     22.2345507745509    -0.16638
1998     22.2345813016511     0.00197
1999     22.2346118287513    -0.08637
2000     22.2346423558515    -0.10048
2001     22.2346728829516    -0.17560
2002     22.2347034100518    -0.22457
2003     22.2347339371520    -0.12798
2004     22.2347644642522    -0.16690
2005     22.2347949913524    -0.07893
2006     22.2348255184525    -0.19668
2007     22.2348560455527     0.03004
2008     22.2348865726529    -0.17915
2009     22.2349170997531     0.11699
2010     22.2349476268533    -0.03030
2011     22.2349781539534    -0.01551
2012     22.2350086810536    -0.07446
2013     22.2350392081538     0.01508
2014     22.2350697352540     0.08969
2015     22.2351002623542    -0.09425
2016     22.2351307894543     0.07404
2017     22.2351613165545    -0.06739
2018     22.2351918436547    -0.10405
2019     22.2352223707549    -0.16791
2020     22.2352528978551     0.19656
2021     22.2352834249552     1.18533
2022     22.2353139520554     1.11933
2023     22.2353444791556     0.53526
2024     22.2353750062558    -0.09608
2025     22.2354055333560     0.07981
2026     22.2354360604561     0.05212
2027     22.2354665875563     0.26054
2028     22.2354971146565     0.06100
2029     22.2355276417567     0.18249
2030     22.2355581688569     0.20162
2031     22.2355886959570     0.14907
2032     22.2356192230572     0.08181
2033     22.2356497501574    -0.16106
2034     22.2356802772576     1.17337
2035     22.2357108043578     0.70248
2036     22.2357413314579    -0.01674
2037     22.2357718585581    -0.19585
2038     22.2358023856583    -0.06682
2039     22.2358329127585    -0.02719
2040     22.2358634398587    -0.25120
2041     22.2358939669588    -0.17004
2042     22.2359244940590    -0.21312
2043     22.2359550211592    -0.09918
2044     22.2359855482594    -0.09627
2045     22.2360160753596    -0.21287
2046     22.2360466024597    -0.30357
2047     22.2360771295599    -0.14017
2048     22.2361076566601    -0.33478
