   1     22.1739390944044    -1.10717
   2     22.1739696080389    -1.16645
   3     22.1740001216733    -1.15097
   4     22.1740306353078    -1.19087
   5     22.1740611489423    -1.08025
   6     22.1740916625767    -1.21347
   7     22.1741221762112    -1.15081
   8     22.1741526898457    -1.16165
   9     22.1741832034801    -1.17595
  10     22.1742137171146    -1.22957
  11     22.1742442307491    -1.17105
  12     22.1742747443835    -1.19982
  13     22.1743052580180    -1.15220
  14     22.1743357716525    -1.16854
  15     22.1743662852869    -1.30354
  16     22.1743967989214    -1.16658
  17     22.1744273125559    -1.15923
  18     22.1744578261903    -1.12141
  19     22.1744883398248    -1.15559
  20     22.1745188534593    -1.15826
  21     22.1745493670937    -1.23290
  22     22.1745798807282    -1.12662
  23     22.1746103943627    -1.15453
  24     22.1746409079971    -1.18888
  25     22.1746714216316    -1.15976
  26     22.1747019352660    -1.12319
  27     22.1747324489005    -1.06931
  28     22.1747629625350    -1.22322
  29     22.1747934761694    -1.13948
  30     22.1748239898039    -1.09519
  31     22.1748545034384    -1.14298
  32     22.1748850170728    -1.16705
  33     22.1749155307073    -1.20887
  34     22.1749460443418    -1.17979
  35     22.1749765579762    -1.13481
  36     22.1750070716107    -1.06479
  37     22.1750375852452    -1.14468
  38     22.1750680988796    -1.21503
  39     22.1750986125141    -1.09337
  40     22.1751291261486    -1.13218
  41     22.1751596397830    -1.14058
  42     22.1751901534175    -1.10809
  43     22.1752206670520    -1.13155
  44     22.1752511806864    -1.16337
  45     22.1752816943209    -1.19413
  46     22.1753122079554    -1.18966
  47     22.1753427215898    -1.13434
  48     22.1753732352243    -1.14146
  49     22.1754037488587    -1.20589
  50     22.1754342624932    -1.24695
  51     22.1754647761277    -1.14551
  52     22.1754952897621    -1.17584
  53     22.1755258033966    -1.14309
  54     22.1755563170311    -1.12778
  55     22.1755868306655    -1.11819
  56     22.1756173443000    -1.12695
  57     22.1756478579345    -1.19871
  58     22.1756783715689    -1.14889
  59     22.1757088852034    -1.19888
  60     22.1757393988379    -1.19515
  61     22.1757699124723    -1.17179
  62     22.1758004261068    -1.14249
  63     22.1758309397413    -1.23017
  64     22.1758614533757    -1.13565
  65     22.1758919670102    -1.13950
  66     22.1759224806447    -1.14255
  67     22.1759529942791    -1.13825
  68     22.1759835079136    -1.17644
  69     22.1760140215481    -1.21822
  70     22.1760445351825    -1.21970
  71     22.1760750488170    -1.13409
  72     22.1761055624514    -1.13645
  73     22.1761360760859    -1.20635
  74     22.1761665897204    -1.16142
  75     22.1761971033548    -1.16790
  76     22.1762276169893    -1.19219
  77     22.1762581306238    -1.15903
  78     22.1762886442582    -1.20687
  79     22.1763191578927    -1.11242
  80     22.1763496715272    -1.15267
  81     22.1763801851616    -1.20809
  82     22.1764106987961    -1.14666
  83     22.1764412124306    -1.29107
  84     22.1764717260650    -1.17251
  85     22.1765022396995    -1.13350
  86     22.1765327533340    -1.18761
  87     22.1765632669684    -1.23948
  88     22.1765937806029    -1.15469
  89     22.1766242942374    -1.05894
  90     22.1766548078718    -1.14143
  91     22.1766853215063    -1.14889
  92     22.1767158351407    -1.18038
  93     22.1767463487752    -1.20109
  94     22.1767768624097    -1.13861
  95     22.1768073760441    -1.16981
  96     22.1768378896786    -1.12557
  97     22.1768684033131    -1.28506
  98     22.1768989169475    -1.17585
  99     22.1769294305820    -1.11794
 100     22.1769599442165    -1.22036
 101     22.1769904578509    -1.20517
 102     22.1770209714854    -1.17539
 103     22.1770514851199    -1.21863
 104     22.1770819987543    -1.12078
 105     22.1771125123888    -1.19689
 106     22.1771430260233    -1.13720
 107     22.1771735396577    -1.15499
 108     22.1772040532922    -1.12492
 109     22.1772345669267    -1.14330
 110     22.1772650805611    -1.12022
 111     22.1772955941956    -1.16893
 112     22.1773261078301    -1.24028
 113     22.1773566214645    -1.16724
 114     22.1773871350990    -1.23277
 115     22.1774176487334    -1.19410
 116     22.1774481623679    -1.16804
 117     22.1774786760024    -1.22206
 118     22.1775091896368    -1.19087
 119     22.1775397032713    -1.11813
 120     22.1775702169058    -1.14522
 121     22.1776007305402    -1.20891
 122     22.1776312441747    -1.16981
 123     22.1776617578092    -1.15990
 124     22.1776922714436    -1.19929
 125     22.1777227850781    -1.18297
 126     22.1777532987126    -1.19549
 127     22.1777838123470    -1.16820
 128     22.1778143259815    -1.13919
 129     22.1778448396160    -1.25320
 130     22.1778753532504    -1.20931
 131     22.1779058668849    -1.17365
 132     22.1779363805193    -1.20294
 133     22.1779668941538    -1.14748
 134     22.1779974077883    -1.18467
 135     22.1780279214227    -1.18538
 136     22.1780584350572    -1.19184
 137     22.1780889486917    -1.14451
 138     22.1781194623261    -1.19139
 139     22.1781499759606    -1.11762
 140     22.1781804895951    -1.14204
 141     22.1782110032295    -1.11008
 142     22.1782415168640    -1.18696
 143     22.1782720304985    -1.12620
 144     22.1783025441329    -1.20015
 145     22.1783330577674    -1.09726
 146     22.1783635714019    -1.14123
 147     22.1783940850363    -1.17774
 148     22.1784245986708    -1.21564
 149     22.1784551123053    -1.15987
 150     22.1784856259397    -1.11686
 151     22.1785161395742    -1.18801
 152     22.1785466532087    -1.10444
 153     22.1785771668431    -1.22193
 154     22.1786076804776    -1.15119
 155     22.1786381941121    -1.11665
 156     22.1786687077465    -1.15388
 157     22.1786992213810    -1.19419
 158     22.1787297350154    -1.14558
 159     22.1787602486499    -1.13435
 160     22.1787907622844    -1.24860
 161     22.1788212759188    -1.12078
 162     22.1788517895533    -1.11301
 163     22.1788823031878    -1.14861
 164     22.1789128168222    -1.24702
 165     22.1789433304567    -1.17436
 166     22.1789738440912    -1.13909
 167     22.1790043577256    -1.17879
 168     22.1790348713601    -1.18864
 169     22.1790653849946    -1.12982
 170     22.1790958986290    -1.18932
 171     22.1791264122635    -1.19830
 172     22.1791569258980    -1.15206
 173     22.1791874395324    -1.21957
 174     22.1792179531669    -1.21830
 175     22.1792484668014    -1.17015
 176     22.1792789804358    -1.13888
 177     22.1793094940703    -1.11490
 178     22.1793400077047    -1.21374
 179     22.1793705213392    -1.21852
 180     22.1794010349737    -1.18112
 181     22.1794315486081    -1.22097
 182     22.1794620622426    -1.17115
 183     22.1794925758771    -1.20124
 184     22.1795230895115    -1.12171
 185     22.1795536031460    -1.16994
 186     22.1795841167805    -1.13724
 187     22.1796146304149    -1.17189
 188     22.1796451440494    -1.12923
 189     22.1796756576839    -1.05932
 190     22.1797061713183    -1.16878
 191     22.1797366849528    -1.15640
 192     22.1797671985873    -1.16284
 193     22.1797977122217    -1.16941
 194     22.1798282258562    -1.15148
 195     22.1798587394907    -1.22892
 196     22.1798892531251    -1.12286
 197     22.1799197667596    -1.16392
 198     22.1799502803941    -1.17505
 199     22.1799807940285    -1.20302
 200     22.1800113076630    -1.22182
 201     22.1800418212974    -1.15284
 202     22.1800723349319    -1.20349
 203     22.1801028485664    -1.19640
 204     22.1801333622008    -1.11981
 205     22.1801638758353    -1.12951
 206     22.1801943894698    -1.13220
 207     22.1802249031042    -1.15818
 208     22.1802554167387    -1.22382
 209     22.1802859303732    -1.12225
 210     22.1803164440076    -1.20403
 211     22.1803469576421    -1.22863
 212     22.1803774712766    -1.13873
 213     22.1804079849110    -1.16313
 214     22.1804384985455    -1.11605
 215     22.1804690121800    -1.13938
 216     22.1804995258144    -1.14422
 217     22.1805300394489    -1.15002
 218     22.1805605530834    -1.17133
 219     22.1805910667178    -1.20470
 220     22.1806215803523    -1.09470
 221     22.1806520939867    -1.10879
 222     22.1806826076212    -1.16721
 223     22.1807131212557    -1.18079
 224     22.1807436348901    -1.11334
 225     22.1807741485246    -1.20600
 226     22.1808046621591    -1.19294
 227     22.1808351757935    -1.18445
 228     22.1808656894280    -1.14180
 229     22.1808962030625    -1.11803
 230     22.1809267166969    -1.15284
 231     22.1809572303314    -1.18544
 232     22.1809877439659    -1.20418
 233     22.1810182576003    -1.06636
 234     22.1810487712348    -1.18289
 235     22.1810792848693    -1.09698
 236     22.1811097985037    -1.13229
 237     22.1811403121382    -1.15414
 238     22.1811708257727    -1.19963
 239     22.1812013394071    -1.12218
 240     22.1812318530416    -1.11355
 241     22.1812623666761    -1.16887
 242     22.1812928803105    -1.18370
 243     22.1813233939450    -1.15448
 244     22.1813539075794    -1.14093
 245     22.1813844212139    -1.21877
 246     22.1814149348484    -1.16262
 247     22.1814454484828    -1.19036
 248     22.1814759621173    -1.21446
 249     22.1815064757518    -1.15114
 250     22.1815369893862    -1.15717
 251     22.1815675030207    -1.19741
 252     22.1815980166552    -1.12519
 253     22.1816285302896    -1.15084
 254     22.1816590439241    -1.16790
 255     22.1816895575586    -1.14232
 256     22.1817200711930    -1.17092
 257     22.1817505848275    -1.15876
 258     22.1817810984620    -1.09571
 259     22.1818116120964    -1.12972
 260     22.1818421257309    -1.19347
 261     22.1818726393654    -1.24894
 262     22.1819031529998    -1.15452
 263     22.1819336666343    -1.15764
 264     22.1819641802688    -1.24258
 265     22.1819946939032    -1.13822
 266     22.1820252075377    -1.14532
 267     22.1820557211721    -1.14259
 268     22.1820862348066    -1.17121
 269     22.1821167484411    -1.20804
 270     22.1821472620755    -1.17019
 271     22.1821777757100    -1.16603
 272     22.1822082893445    -1.15493
 273     22.1822388029789    -1.14238
 274     22.1822693166134    -1.15142
 275     22.1822998302479    -1.14092
 276     22.1823303438823    -1.14714
 277     22.1823608575168    -1.14019
 278     22.1823913711513    -1.26721
 279     22.1824218847857    -1.17048
 280     22.1824523984202    -1.22072
 281     22.1824829120547    -1.13738
 282     22.1825134256891    -1.15956
 283     22.1825439393236    -1.22509
 284     22.1825744529581    -1.19341
 285     22.1826049665925    -1.15379
 286     22.1826354802270    -1.14924
 287     22.1826659938614    -1.17975
 288     22.1826965074959    -1.18033
 289     22.1827270211304    -1.15510
 290     22.1827575347648    -1.10106
 291     22.1827880483993    -1.08893
 292     22.1828185620338    -1.18708
 293     22.1828490756682    -1.17225
 294     22.1828795893027    -1.17617
 295     22.1829101029372    -1.18634
 296     22.1829406165716    -1.15640
 297     22.1829711302061    -1.15283
 298     22.1830016438406    -1.16724
 299     22.1830321574750    -1.15513
 300     22.1830626711095    -1.16027
 301     22.1830931847440    -1.12089
 302     22.1831236983784    -1.10130
 303     22.1831542120129    -1.13394
 304     22.1831847256474    -1.12459
 305     22.1832152392818    -1.16369
 306     22.1832457529163    -1.20215
 307     22.1832762665508    -1.09170
 308     22.1833067801852    -1.15374
 309     22.1833372938197    -1.16828
 310     22.1833678074542    -1.20402
 311     22.1833983210886    -1.24090
 312     22.1834288347231    -1.19090
 313     22.1834593483575    -1.17963
 314     22.1834898619920    -1.11047
 315     22.1835203756265    -1.14758
 316     22.1835508892609    -1.17575
 317     22.1835814028954    -1.21014
 318     22.1836119165299    -1.10976
 319     22.1836424301643    -1.16582
 320     22.1836729437988    -1.11782
 321     22.1837034574333    -1.15984
 322     22.1837339710677    -1.21059
 323     22.1837644847022    -1.22647
 324     22.1837949983367    -1.22542
 325     22.1838255119711    -1.15376
 326     22.1838560256056    -1.18246
 327     22.1838865392401    -1.16895
 328     22.1839170528745    -1.25352
 329     22.1839475665090    -1.17832
 330     22.1839780801435    -1.10757
 331     22.1840085937779    -1.12629
 332     22.1840391074124    -1.12738
 333     22.1840696210468    -1.12252
 334     22.1841001346813    -1.15845
 335     22.1841306483158    -1.14369
 336     22.1841611619502    -1.11220
 337     22.1841916755847    -1.17065
 338     22.1842221892192    -1.15170
 339     22.1842527028536    -1.14864
 340     22.1842832164881    -1.09240
 341     22.1843137301226    -1.15214
 342     22.1843442437570    -1.21420
 343     22.1843747573915    -1.16637
 344     22.1844052710260    -1.18792
 345     22.1844357846604    -1.16850
 346     22.1844662982949    -1.09200
 347     22.1844968119294    -1.19421
 348     22.1845273255638    -1.18697
 349     22.1845578391983    -1.19051
 350     22.1845883528328    -1.15236
 351     22.1846188664672    -1.22168
 352     22.1846493801017    -1.16371
 353     22.1846798937361    -1.12837
 354     22.1847104073706    -1.14659
 355     22.1847409210051    -1.10264
 356     22.1847714346395    -1.13272
 357     22.1848019482740    -1.16200
 358     22.1848324619085    -1.21230
 359     22.1848629755429    -1.23784
 360     22.1848934891774    -1.24572
 361     22.1849240028119    -1.22763
 362     22.1849545164463    -1.17129
 363     22.1849850300808    -1.24883
 364     22.1850155437153    -1.22359
 365     22.1850460573497    -1.16834
 366     22.1850765709842    -1.17839
 367     22.1851070846187    -1.20281
 368     22.1851375982531    -1.15113
 369     22.1851681118876    -1.21010
 370     22.1851986255221    -1.14853
 371     22.1852291391565    -1.11163
 372     22.1852596527910    -1.14463
 373     22.1852901664254    -1.20875
 374     22.1853206800599    -1.17491
 375     22.1853511936944    -1.18203
 376     22.1853817073288    -1.14372
 377     22.1854122209633    -1.17585
 378     22.1854427345978    -1.13985
 379     22.1854732482322    -1.10597
 380     22.1855037618667    -1.14480
 381     22.1855342755012    -1.06895
 382     22.1855647891356    -1.17314
 383     22.1855953027701    -1.17692
 384     22.1856258164046    -1.08565
 385     22.1856563300390    -1.16003
 386     22.1856868436735    -1.19407
 387     22.1857173573080    -1.21506
 388     22.1857478709424    -1.16110
 389     22.1857783845769    -1.20648
 390     22.1858088982114    -1.23200
 391     22.1858394118458    -1.18377
 392     22.1858699254803    -1.15579
 393     22.1859004391148    -1.19754
 394     22.1859309527492    -1.12877
 395     22.1859614663837    -1.13214
 396     22.1859919800182    -1.14566
 397     22.1860224936526    -1.12600
 398     22.1860530072871    -1.17052
 399     22.1860835209215    -1.06619
 400     22.1861140345560    -1.13286
 401     22.1861445481905    -1.15373
 402     22.1861750618249    -1.19074
 403     22.1862055754594    -1.15971
 404     22.1862360890939    -1.15665
 405     22.1862666027283    -1.20997
 406     22.1862971163628    -1.12343
 407     22.1863276299973    -1.14902
 408     22.1863581436317    -1.17006
 409     22.1863886572662    -1.15114
 410     22.1864191709007    -1.08893
 411     22.1864496845351    -1.15674
 412     22.1864801981696    -1.17407
 413     22.1865107118041    -1.16053
 414     22.1865412254385    -1.18870
 415     22.1865717390730    -1.17527
 416     22.1866022527075    -1.18580
 417     22.1866327663419    -1.16414
 418     22.1866632799764    -1.19700
 419     22.1866937936108    -1.15369
 420     22.1867243072453    -1.18965
 421     22.1867548208798    -1.18219
 422     22.1867853345142    -1.16212
 423     22.1868158481487    -1.25158
 424     22.1868463617832    -1.16221
 425     22.1868768754176    -1.13897
 426     22.1869073890521    -1.21314
 427     22.1869379026866    -1.16527
 428     22.1869684163210    -1.14835
 429     22.1869989299555    -1.29092
 430     22.1870294435900    -1.16054
 431     22.1870599572244    -1.16549
 432     22.1870904708589    -1.19348
 433     22.1871209844934    -1.19388
 434     22.1871514981278    -1.19324
 435     22.1871820117623    -1.19838
 436     22.1872125253968    -1.19784
 437     22.1872430390312    -1.16544
 438     22.1872735526657    -1.16527
 439     22.1873040663002    -1.14046
 440     22.1873345799346    -1.18604
 441     22.1873650935691    -1.17897
 442     22.1873956072035    -1.19583
 443     22.1874261208380    -1.21903
 444     22.1874566344725    -1.08336
 445     22.1874871481069    -1.12781
 446     22.1875176617414    -1.23400
 447     22.1875481753759    -1.20360
 448     22.1875786890103    -1.21076
 449     22.1876092026448    -1.08830
 450     22.1876397162793    -1.15585
 451     22.1876702299137    -1.14399
 452     22.1877007435482    -1.16899
 453     22.1877312571827    -1.14716
 454     22.1877617708171    -1.15596
 455     22.1877922844516    -1.18942
 456     22.1878227980861    -1.21354
 457     22.1878533117205    -1.12831
 458     22.1878838253550    -1.17474
 459     22.1879143389895    -1.10221
 460     22.1879448526239    -1.15156
 461     22.1879753662584    -1.13087
 462     22.1880058798928    -1.18992
 463     22.1880363935273    -1.14732
 464     22.1880669071618    -1.13852
 465     22.1880974207962    -1.18638
 466     22.1881279344307    -1.17139
 467     22.1881584480652    -1.22110
 468     22.1881889616996    -1.20051
 469     22.1882194753341    -1.11543
 470     22.1882499889686    -1.18532
 471     22.1882805026030    -1.12620
 472     22.1883110162375    -1.21171
 473     22.1883415298720    -1.13098
 474     22.1883720435064    -1.15147
 475     22.1884025571409    -1.19717
 476     22.1884330707754    -1.06523
 477     22.1884635844098    -1.18628
 478     22.1884940980443    -1.11233
 479     22.1885246116788    -1.11640
 480     22.1885551253132    -1.16833
 481     22.1885856389477    -1.16933
 482     22.1886161525821    -1.18465
 483     22.1886466662166    -1.23400
 484     22.1886771798511    -1.14212
 485     22.1887076934855    -1.10790
 486     22.1887382071200    -1.11750
 487     22.1887687207545    -1.06030
 488     22.1887992343889    -1.13267
 489     22.1888297480234    -1.13460
 490     22.1888602616579    -1.16644
 491     22.1888907752923    -1.12807
 492     22.1889212889268    -1.19451
 493     22.1889518025613    -1.19049
 494     22.1889823161957    -1.19462
 495     22.1890128298302    -1.11232
 496     22.1890433434647    -1.07254
 497     22.1890738570991    -1.13651
 498     22.1891043707336    -1.17442
 499     22.1891348843681    -1.11825
 500     22.1891653980025    -1.12226
 501     22.1891959116370    -1.12737
 502     22.1892264252715    -1.18118
 503     22.1892569389059    -1.19131
 504     22.1892874525404    -1.17827
 505     22.1893179661749    -1.10603
 506     22.1893484798093    -1.12546
 507     22.1893789934438    -1.15319
 508     22.1894095070782    -1.17695
 509     22.1894400207127    -1.10762
 510     22.1894705343472    -1.15243
 511     22.1895010479816    -1.12988
 512     22.1895315616161    -1.13636
 513     22.1895620752506    -1.12096
 514     22.1895925888850    -1.12171
 515     22.1896231025195    -1.17462
 516     22.1896536161540    -1.22842
 517     22.1896841297884    -1.15064
 518     22.1897146434229    -1.15981
 519     22.1897451570574    -1.26768
 520     22.1897756706918    -1.14767
 521     22.1898061843263    -1.19950
 522     22.1898366979608    -1.13218
 523     22.1898672115952    -1.15376
 524     22.1898977252297    -1.19620
 525     22.1899282388642    -1.14642
 526     22.1899587524986    -1.20412
 527     22.1899892661331    -1.06072
 528     22.1900197797675    -1.17356
 529     22.1900502934020    -1.11644
 530     22.1900808070365    -1.16483
 531     22.1901113206709    -1.21695
 532     22.1901418343054    -1.08576
 533     22.1901723479399    -1.10948
 534     22.1902028615743    -1.17781
 535     22.1902333752088    -1.11717
 536     22.1902638888433    -1.19508
 537     22.1902944024777    -1.20015
 538     22.1903249161122    -1.18891
 539     22.1903554297467    -1.15300
 540     22.1903859433811    -1.18351
 541     22.1904164570156    -1.14404
 542     22.1904469706501    -1.18912
 543     22.1904774842845    -1.14924
 544     22.1905079979190    -1.19715
 545     22.1905385115535    -1.18400
 546     22.1905690251879    -1.13656
 547     22.1905995388224    -1.23994
 548     22.1906300524569    -1.11658
 549     22.1906605660913    -1.15916
 550     22.1906910797258    -1.21918
 551     22.1907215933602    -1.21929
 552     22.1907521069947    -1.20054
 553     22.1907826206292    -1.15958
 554     22.1908131342636    -1.16728
 555     22.1908436478981    -1.11842
 556     22.1908741615326    -1.21769
 557     22.1909046751670    -1.16607
 558     22.1909351888015    -1.10593
 559     22.1909657024360    -1.17394
 560     22.1909962160704    -1.20197
 561     22.1910267297049    -1.16223
 562     22.1910572433394    -1.15505
 563     22.1910877569738    -1.18525
 564     22.1911182706083    -1.16489
 565     22.1911487842428    -1.22001
 566     22.1911792978772    -1.21619
 567     22.1912098115117    -1.16465
 568     22.1912403251462    -1.11720
 569     22.1912708387806    -1.20129
 570     22.1913013524151    -1.18357
 571     22.1913318660495    -1.16317
 572     22.1913623796840    -1.18314
 573     22.1913928933185    -1.15913
 574     22.1914234069529    -1.15622
 575     22.1914539205874    -1.15966
 576     22.1914844342219    -1.11985
 577     22.1915149478563    -1.14177
 578     22.1915454614908    -1.09225
 579     22.1915759751253    -1.13359
 580     22.1916064887597    -1.21064
 581     22.1916370023942    -1.09757
 582     22.1916675160287    -1.12574
 583     22.1916980296631    -1.21707
 584     22.1917285432976    -1.15507
 585     22.1917590569321    -1.20458
 586     22.1917895705665    -1.14660
 587     22.1918200842010    -1.16748
 588     22.1918505978355    -1.14482
 589     22.1918811114699    -1.14615
 590     22.1919116251044    -1.18381
 591     22.1919421387389    -1.17861
 592     22.1919726523733    -1.17104
 593     22.1920031660078    -1.21836
 594     22.1920336796422    -1.11456
 595     22.1920641932767    -1.19055
 596     22.1920947069112    -1.18605
 597     22.1921252205456    -1.18274
 598     22.1921557341801    -1.18693
 599     22.1921862478146    -1.23026
 600     22.1922167614490    -1.10120
 601     22.1922472750835    -1.17807
 602     22.1922777887180    -1.13286
 603     22.1923083023524    -1.20606
 604     22.1923388159869    -1.21585
 605     22.1923693296214    -1.21693
 606     22.1923998432558    -1.11733
 607     22.1924303568903    -1.22977
 608     22.1924608705248    -1.15179
 609     22.1924913841592    -1.11179
 610     22.1925218977937    -1.16317
 611     22.1925524114282    -1.21015
 612     22.1925829250626    -1.12775
 613     22.1926134386971    -1.25109
 614     22.1926439523315    -1.13334
 615     22.1926744659660    -1.19776
 616     22.1927049796005    -1.15426
 617     22.1927354932349    -1.18735
 618     22.1927660068694    -1.23192
 619     22.1927965205039    -1.13723
 620     22.1928270341383    -1.10535
 621     22.1928575477728    -1.21579
 622     22.1928880614073    -1.23737
 623     22.1929185750417    -1.14378
 624     22.1929490886762    -1.13396
 625     22.1929796023107    -1.15306
 626     22.1930101159451    -1.13043
 627     22.1930406295796    -1.10456
 628     22.1930711432141    -1.23507
 629     22.1931016568485    -1.14965
 630     22.1931321704830    -1.24960
 631     22.1931626841175    -1.15228
 632     22.1931931977519    -1.22103
 633     22.1932237113864    -1.17501
 634     22.1932542250209    -1.13887
 635     22.1932847386553    -1.16697
 636     22.1933152522898    -1.05141
 637     22.1933457659242    -1.10111
 638     22.1933762795587    -1.15099
 639     22.1934067931932    -1.17958
 640     22.1934373068276    -1.17012
 641     22.1934678204621    -1.10109
 642     22.1934983340966    -1.13450
 643     22.1935288477310    -1.23141
 644     22.1935593613655    -1.11455
 645     22.1935898750000    -1.15571
 646     22.1936203886344    -1.19412
 647     22.1936509022689    -1.12052
 648     22.1936814159034    -1.12020
 649     22.1937119295378    -1.21055
 650     22.1937424431723    -1.21563
 651     22.1937729568068    -1.18283
 652     22.1938034704412    -1.13916
 653     22.1938339840757    -1.13036
 654     22.1938644977102    -1.19653
 655     22.1938950113446    -1.19624
 656     22.1939255249791    -1.14625
 657     22.1939560386135    -1.14962
 658     22.1939865522480    -1.16696
 659     22.1940170658825    -1.14131
 660     22.1940475795169    -1.15859
 661     22.1940780931514    -1.14974
 662     22.1941086067859    -1.13433
 663     22.1941391204203    -1.09609
 664     22.1941696340548    -1.11488
 665     22.1942001476893    -1.08017
 666     22.1942306613237    -1.20743
 667     22.1942611749582    -1.14563
 668     22.1942916885927    -1.18452
 669     22.1943222022271    -1.13680
 670     22.1943527158616    -1.16396
 671     22.1943832294961    -1.24986
 672     22.1944137431305    -1.25824
 673     22.1944442567650    -1.20621
 674     22.1944747703995    -1.15307
 675     22.1945052840339    -1.16714
 676     22.1945357976684    -1.17113
 677     22.1945663113029    -1.20405
 678     22.1945968249373    -1.13548
 679     22.1946273385718    -1.18624
 680     22.1946578522063    -1.16402
 681     22.1946883658407    -1.07676
 682     22.1947188794752    -1.20934
 683     22.1947493931096    -1.15893
 684     22.1947799067441    -1.18005
 685     22.1948104203786    -1.13086
 686     22.1948409340130    -1.19628
 687     22.1948714476475    -1.17844
 688     22.1949019612820    -1.14268
 689     22.1949324749164    -1.11295
 690     22.1949629885509    -1.12958
 691     22.1949935021854    -1.19432
 692     22.1950240158198    -1.16431
 693     22.1950545294543    -1.18211
 694     22.1950850430888    -1.12395
 695     22.1951155567232    -1.17461
 696     22.1951460703577    -1.19858
 697     22.1951765839922    -1.11270
 698     22.1952070976266    -1.20126
 699     22.1952376112611    -1.14142
 700     22.1952681248956    -1.10760
 701     22.1952986385300    -1.23437
 702     22.1953291521645    -1.19975
 703     22.1953596657989    -1.15834
 704     22.1953901794334    -1.14779
 705     22.1954206930679    -1.16316
 706     22.1954512067023    -1.18572
 707     22.1954817203368    -1.17233
 708     22.1955122339713    -1.12570
 709     22.1955427476057    -1.18940
 710     22.1955732612402    -1.07193
 711     22.1956037748747    -1.20627
 712     22.1956342885091    -1.13735
 713     22.1956648021436    -1.18551
 714     22.1956953157781    -1.20126
 715     22.1957258294125    -1.18001
 716     22.1957563430470    -1.17956
 717     22.1957868566815    -1.12181
 718     22.1958173703159    -1.18414
 719     22.1958478839504    -1.22665
 720     22.1958783975849    -1.18515
 721     22.1959089112193    -1.17309
 722     22.1959394248538    -1.14621
 723     22.1959699384882    -1.09508
 724     22.1960004521227    -1.13213
 725     22.1960309657572    -1.18167
 726     22.1960614793916    -1.14187
 727     22.1960919930261    -1.17279
 728     22.1961225066606    -1.14458
 729     22.1961530202950    -1.15800
 730     22.1961835339295    -1.11137
 731     22.1962140475640    -1.19477
 732     22.1962445611984    -1.08241
 733     22.1962750748329    -1.14303
 734     22.1963055884674    -1.13363
 735     22.1963361021018    -1.18120
 736     22.1963666157363    -1.19373
 737     22.1963971293708    -1.17140
 738     22.1964276430052    -1.04519
 739     22.1964581566397    -1.18772
 740     22.1964886702742    -1.13873
 741     22.1965191839086    -1.10024
 742     22.1965496975431    -1.19606
 743     22.1965802111776    -1.10196
 744     22.1966107248120    -1.17971
 745     22.1966412384465    -1.24900
 746     22.1966717520809    -1.22573
 747     22.1967022657154    -1.21150
 748     22.1967327793499    -1.21599
 749     22.1967632929843    -1.11728
 750     22.1967938066188    -1.16189
 751     22.1968243202533    -1.23476
 752     22.1968548338877    -1.21063
 753     22.1968853475222    -1.19118
 754     22.1969158611567    -1.16610
 755     22.1969463747911    -1.20910
 756     22.1969768884256    -1.16981
 757     22.1970074020601    -1.20589
 758     22.1970379156945    -1.14529
 759     22.1970684293290    -1.19969
 760     22.1970989429635    -1.20872
 761     22.1971294565979    -1.18663
 762     22.1971599702324    -1.15215
 763     22.1971904838669    -1.17895
 764     22.1972209975013    -1.12849
 765     22.1972515111358    -1.17231
 766     22.1972820247702    -1.16232
 767     22.1973125384047    -1.08841
 768     22.1973430520392    -1.18433
 769     22.1973735656736    -1.21316
 770     22.1974040793081    -1.14107
 771     22.1974345929426    -1.17202
 772     22.1974651065770    -1.14340
 773     22.1974956202115    -1.15207
 774     22.1975261338460    -1.17448
 775     22.1975566474804    -1.10768
 776     22.1975871611149    -1.22891
 777     22.1976176747494    -1.12128
 778     22.1976481883838    -1.18034
 779     22.1976787020183    -1.11558
 780     22.1977092156528    -1.18194
 781     22.1977397292872    -1.19162
 782     22.1977702429217    -1.16626
 783     22.1978007565562    -1.20357
 784     22.1978312701906    -1.17626
 785     22.1978617838251    -1.18992
 786     22.1978922974596    -1.25682
 787     22.1979228110940    -1.19712
 788     22.1979533247285    -1.18856
 789     22.1979838383630    -1.17894
 790     22.1980143519974    -1.14967
 791     22.1980448656319    -1.15357
 792     22.1980753792663    -1.25520
 793     22.1981058929008    -1.17653
 794     22.1981364065353    -1.19757
 795     22.1981669201697    -1.10983
 796     22.1981974338042    -1.16297
 797     22.1982279474387    -1.21835
 798     22.1982584610731    -1.25006
 799     22.1982889747076    -1.20046
 800     22.1983194883421    -1.21296
 801     22.1983500019765    -1.17703
 802     22.1983805156110    -1.19774
 803     22.1984110292455    -1.21367
 804     22.1984415428799    -1.17967
 805     22.1984720565144    -1.17424
 806     22.1985025701489    -1.14382
 807     22.1985330837833    -1.16332
 808     22.1985635974178    -1.13849
 809     22.1985941110523    -1.13417
 810     22.1986246246867    -1.19410
 811     22.1986551383212    -1.21565
 812     22.1986856519556    -1.19413
 813     22.1987161655901    -1.15087
 814     22.1987466792246    -1.24076
 815     22.1987771928590    -1.17739
 816     22.1988077064935    -1.09458
 817     22.1988382201280    -1.11951
 818     22.1988687337624    -1.12322
 819     22.1988992473969    -1.16322
 820     22.1989297610314    -1.15383
 821     22.1989602746658    -1.16344
 822     22.1989907883003    -1.09976
 823     22.1990213019348    -1.17802
 824     22.1990518155692    -1.20163
 825     22.1990823292037    -1.07276
 826     22.1991128428382    -1.13096
 827     22.1991433564726    -1.13473
 828     22.1991738701071    -1.13546
 829     22.1992043837416    -1.18806
 830     22.1992348973760    -1.23288
 831     22.1992654110105    -1.15730
 832     22.1992959246450    -1.18832
 833     22.1993264382794    -1.19926
 834     22.1993569519139    -1.14117
 835     22.1993874655483    -1.11507
 836     22.1994179791828    -1.19808
 837     22.1994484928173    -1.22337
 838     22.1994790064517    -1.17277
 839     22.1995095200862    -1.23544
 840     22.1995400337207    -1.17875
 841     22.1995705473551    -1.14926
 842     22.1996010609896    -1.20114
 843     22.1996315746241    -1.22841
 844     22.1996620882585    -1.15297
 845     22.1996926018930    -1.18502
 846     22.1997231155275    -1.16954
 847     22.1997536291619    -1.11406
 848     22.1997841427964    -1.15527
 849     22.1998146564309    -1.16146
 850     22.1998451700653    -1.23434
 851     22.1998756836998    -1.10843
 852     22.1999061973343    -1.15780
 853     22.1999367109687    -1.13100
 854     22.1999672246032    -1.13091
 855     22.1999977382376    -1.23448
 856     22.2000282518721    -1.14218
 857     22.2000587655066    -1.18603
 858     22.2000892791410    -1.20762
 859     22.2001197927755    -1.18645
 860     22.2001503064100    -1.18750
 861     22.2001808200444    -1.20718
 862     22.2002113336789    -1.21204
 863     22.2002418473134    -1.17097
 864     22.2002723609478    -1.12562
 865     22.2003028745823    -1.16159
 866     22.2003333882168    -1.18512
 867     22.2003639018512    -1.10979
 868     22.2003944154857    -1.13736
 869     22.2004249291202    -1.11380
 870     22.2004554427546    -1.11720
 871     22.2004859563891    -1.18113
 872     22.2005164700236    -1.12867
 873     22.2005469836580    -1.14865
 874     22.2005774972925    -1.22323
 875     22.2006080109269    -1.18262
 876     22.2006385245614    -1.15730
 877     22.2006690381959    -1.22806
 878     22.2006995518303    -1.23632
 879     22.2007300654648    -1.14864
 880     22.2007605790993    -1.19798
 881     22.2007910927337    -1.22327
 882     22.2008216063682    -1.23600
 883     22.2008521200027    -1.18106
 884     22.2008826336371    -1.13615
 885     22.2009131472716    -1.13925
 886     22.2009436609061    -1.29143
 887     22.2009741745405    -1.20882
 888     22.2010046881750    -1.13859
 889     22.2010352018095    -1.22745
 890     22.2010657154439    -1.17947
 891     22.2010962290784    -1.17019
 892     22.2011267427129    -1.22221
 893     22.2011572563473    -1.19791
 894     22.2011877699818    -1.11527
 895     22.2012182836163    -1.16442
 896     22.2012487972507    -1.16686
 897     22.2012793108852    -1.13827
 898     22.2013098245196    -1.19836
 899     22.2013403381541    -1.20065
 900     22.2013708517886    -1.17262
 901     22.2014013654230    -1.14947
 902     22.2014318790575    -1.16318
 903     22.2014623926920    -1.17581
 904     22.2014929063264    -1.15020
 905     22.2015234199609    -1.14366
 906     22.2015539335954    -1.17902
 907     22.2015844472298    -1.20512
 908     22.2016149608643    -1.15821
 909     22.2016454744988    -1.08408
 910     22.2016759881332    -1.18961
 911     22.2017065017677    -1.16420
 912     22.2017370154022    -1.18101
 913     22.2017675290366    -1.20458
 914     22.2017980426711    -1.19807
 915     22.2018285563056    -1.17449
 916     22.2018590699400    -1.16166
 917     22.2018895835745    -1.25643
 918     22.2019200972090    -1.18267
 919     22.2019506108434    -1.10712
 920     22.2019811244779    -1.14917
 921     22.2020116381123    -1.16473
 922     22.2020421517468    -1.20494
 923     22.2020726653813    -1.18905
 924     22.2021031790157    -1.22265
 925     22.2021336926502    -1.22867
 926     22.2021642062847    -1.22283
 927     22.2021947199191    -1.11943
 928     22.2022252335536    -1.15754
 929     22.2022557471881    -1.24278
 930     22.2022862608225    -1.11226
 931     22.2023167744570    -1.10185
 932     22.2023472880915    -1.14833
 933     22.2023778017259    -1.13775
 934     22.2024083153604    -1.18186
 935     22.2024388289949    -1.16881
 936     22.2024693426293    -1.16151
 937     22.2024998562638    -1.19726
 938     22.2025303698983    -1.13748
 939     22.2025608835327    -1.21028
 940     22.2025913971672    -1.16261
 941     22.2026219108017    -1.20790
 942     22.2026524244361    -1.12199
 943     22.2026829380706    -1.10013
 944     22.2027134517050    -1.18841
 945     22.2027439653395    -1.14816
 946     22.2027744789740    -1.18700
 947     22.2028049926084    -1.12350
 948     22.2028355062429    -1.14887
 949     22.2028660198774    -1.20462
 950     22.2028965335118    -1.12929
 951     22.2029270471463    -1.16446
 952     22.2029575607808    -1.22156
 953     22.2029880744152    -1.19708
 954     22.2030185880497    -1.20054
 955     22.2030491016842    -1.22816
 956     22.2030796153186    -1.17988
 957     22.2031101289531    -1.17565
 958     22.2031406425876    -1.12827
 959     22.2031711562220    -1.20010
 960     22.2032016698565    -1.16996
 961     22.2032321834910    -1.14531
 962     22.2032626971254    -1.14961
 963     22.2032932107599    -1.13394
 964     22.2033237243943    -1.05743
 965     22.2033542380288    -1.15995
 966     22.2033847516633    -1.19450
 967     22.2034152652977    -1.15024
 968     22.2034457789322    -1.19319
 969     22.2034762925667    -1.13978
 970     22.2035068062011    -1.20275
 971     22.2035373198356    -1.17452
 972     22.2035678334701    -1.13015
 973     22.2035983471045    -1.14022
 974     22.2036288607390    -1.13585
 975     22.2036593743735    -1.08043
 976     22.2036898880079    -1.18825
 977     22.2037204016424    -1.09480
 978     22.2037509152769    -1.20591
 979     22.2037814289113    -1.12117
 980     22.2038119425458    -1.12155
 981     22.2038424561803    -1.16305
 982     22.2038729698147    -1.21407
 983     22.2039034834492    -1.16883
 984     22.2039339970837    -1.21030
 985     22.2039645107181    -1.22271
 986     22.2039950243526    -1.16022
 987     22.2040255379870    -1.18551
 988     22.2040560516215    -1.17730
 989     22.2040865652560    -1.11827
 990     22.2041170788904    -1.17914
 991     22.2041475925249    -1.19293
 992     22.2041781061594    -1.15536
 993     22.2042086197938    -1.20160
 994     22.2042391334283    -1.15497
 995     22.2042696470628    -1.19460
 996     22.2043001606972    -1.17546
 997     22.2043306743317    -1.12709
 998     22.2043611879662    -1.15103
 999     22.2043917016006    -1.07182
1000     22.2044222152351    -1.20457
1001     22.2044527288696    -1.15066
1002     22.2044832425040    -1.17224
1003     22.2045137561385    -1.09803
1004     22.2045442697730    -1.10668
1005     22.2045747834074    -1.10963
1006     22.2046052970419    -1.18646
1007     22.2046358106764    -1.14023
1008     22.2046663243108    -1.11849
1009     22.2046968379453    -1.20533
1010     22.2047273515797    -1.16664
1011     22.2047578652142    -1.16531
1012     22.2047883788487    -1.20655
1013     22.2048188924831    -1.15225
1014     22.2048494061176    -1.10909
1015     22.2048799197521    -1.06918
1016     22.2049104333865    -1.17204
1017     22.2049409470210    -1.13425
1018     22.2049714606555    -1.16923
1019     22.2050019742899    -1.10634
1020     22.2050324879244    -1.20531
1021     22.2050630015589    -1.12278
1022     22.2050935151933    -1.15214
1023     22.2051240288278    -1.13592
1024     22.2051545424623    -1.16494
1025     22.2051850560967    -1.17790
1026     22.2052155697312    -1.18448
1027     22.2052460833657    -1.14935
1028     22.2052765970001    -1.17850
1029     22.2053071106346    -1.16330
1030     22.2053376242690    -1.25763
1031     22.2053681379035    -1.11754
1032     22.2053986515380    -1.19424
1033     22.2054291651724    -1.14706
1034     22.2054596788069    -1.17853
1035     22.2054901924414    -1.13230
1036     22.2055207060758    -1.11613
1037     22.2055512197103    -1.11722
1038     22.2055817333448    -1.15530
1039     22.2056122469792    -1.20517
1040     22.2056427606137    -1.22228
1041     22.2056732742482    -1.17086
1042     22.2057037878826    -1.14367
1043     22.2057343015171    -1.17154
1044     22.2057648151516    -1.17618
1045     22.2057953287860    -1.15019
1046     22.2058258424205    -1.20687
1047     22.2058563560550    -1.15940
1048     22.2058868696894    -1.21932
1049     22.2059173833239    -1.22196
1050     22.2059478969583    -1.18677
1051     22.2059784105928    -1.18844
1052     22.2060089242273    -1.19464
1053     22.2060394378617    -1.16043
1054     22.2060699514962    -1.13062
1055     22.2061004651307    -1.13353
1056     22.2061309787651    -1.16181
1057     22.2061614923996    -1.20741
1058     22.2061920060341    -1.08816
1059     22.2062225196685    -1.12815
1060     22.2062530333030    -1.22132
1061     22.2062835469375    -1.17546
1062     22.2063140605719    -1.20802
1063     22.2063445742064    -1.14575
1064     22.2063750878409    -1.22762
1065     22.2064056014753    -1.20287
1066     22.2064361151098    -1.14251
1067     22.2064666287443    -1.22609
1068     22.2064971423787    -1.18461
1069     22.2065276560132    -1.12181
1070     22.2065581696477    -1.21253
1071     22.2065886832821    -1.17224
1072     22.2066191969166    -1.19638
1073     22.2066497105511    -1.17970
1074     22.2066802241855    -1.17607
1075     22.2067107378200    -1.12823
1076     22.2067412514544    -1.25507
1077     22.2067717650889    -1.13405
1078     22.2068022787234    -1.13945
1079     22.2068327923578    -1.11025
1080     22.2068633059923    -1.16477
1081     22.2068938196268    -1.13320
1082     22.2069243332612    -1.28612
1083     22.2069548468957    -1.23505
1084     22.2069853605302    -1.20913
1085     22.2070158741646    -1.17645
1086     22.2070463877991    -1.20084
1087     22.2070769014336    -1.13408
1088     22.2071074150680    -1.14214
1089     22.2071379287025    -1.19000
1090     22.2071684423370    -1.15263
1091     22.2071989559714    -1.18188
1092     22.2072294696059    -1.24196
1093     22.2072599832404    -1.11864
1094     22.2072904968748    -1.13060
1095     22.2073210105093    -1.23528
1096     22.2073515241437    -1.26298
1097     22.2073820377782    -1.21864
1098     22.2074125514127    -1.19940
1099     22.2074430650471    -1.15779
1100     22.2074735786816    -1.14525
1101     22.2075040923161    -1.21267
1102     22.2075346059505    -1.19284
1103     22.2075651195850    -1.19442
1104     22.2075956332195    -1.13450
1105     22.2076261468539    -1.14601
1106     22.2076566604884    -1.13145
1107     22.2076871741229    -1.20686
1108     22.2077176877573    -1.17980
1109     22.2077482013918    -1.21360
1110     22.2077787150263    -1.16115
1111     22.2078092286607    -1.24193
1112     22.2078397422952    -1.20796
1113     22.2078702559297    -1.22344
1114     22.2079007695641    -1.22459
1115     22.2079312831986    -1.11272
1116     22.2079617968331    -1.15772
1117     22.2079923104675    -1.17397
1118     22.2080228241020    -1.20178
1119     22.2080533377364    -1.18225
1120     22.2080838513709    -1.16757
1121     22.2081143650054    -1.24007
1122     22.2081448786398    -1.08599
1123     22.2081753922743    -1.09121
1124     22.2082059059088    -1.20909
1125     22.2082364195432    -1.14899
1126     22.2082669331777    -1.14075
1127     22.2082974468122    -1.24489
1128     22.2083279604466    -1.11452
1129     22.2083584740811    -1.15749
1130     22.2083889877156    -1.19538
1131     22.2084195013500    -1.16024
1132     22.2084500149845    -1.13706
1133     22.2084805286190    -1.17218
1134     22.2085110422534    -1.21583
1135     22.2085415558879    -1.11002
1136     22.2085720695224    -1.19345
1137     22.2086025831568    -1.23925
1138     22.2086330967913    -1.16973
1139     22.2086636104257    -1.15883
1140     22.2086941240602    -1.09761
1141     22.2087246376947    -1.16354
1142     22.2087551513291    -1.13762
1143     22.2087856649636    -1.17975
1144     22.2088161785981    -1.14845
1145     22.2088466922325    -1.21454
1146     22.2088772058670    -1.20826
1147     22.2089077195015    -1.14673
1148     22.2089382331359    -1.10727
1149     22.2089687467704    -1.17360
1150     22.2089992604049    -1.12012
1151     22.2090297740393    -1.17394
1152     22.2090602876738    -1.13134
1153     22.2090908013083    -1.09035
1154     22.2091213149427    -1.17562
1155     22.2091518285772    -1.19532
1156     22.2091823422117    -1.14902
1157     22.2092128558461    -1.14927
1158     22.2092433694806    -1.06471
1159     22.2092738831151    -1.17199
1160     22.2093043967495    -1.19469
1161     22.2093349103840    -1.13129
1162     22.2093654240185    -1.21397
1163     22.2093959376529    -1.15215
1164     22.2094264512874    -1.17956
1165     22.2094569649218    -1.14859
1166     22.2094874785563    -1.15918
1167     22.2095179921908    -1.14729
1168     22.2095485058252    -1.23815
1169     22.2095790194597    -1.16073
1170     22.2096095330942    -1.24448
1171     22.2096400467286    -1.18411
1172     22.2096705603631    -1.17953
1173     22.2097010739976    -1.19495
1174     22.2097315876320    -1.22268
1175     22.2097621012665    -1.15009
1176     22.2097926149010    -1.09152
1177     22.2098231285354    -1.17192
1178     22.2098536421699    -1.11583
1179     22.2098841558044    -1.17010
1180     22.2099146694388    -1.19727
1181     22.2099451830733    -1.24754
1182     22.2099756967077    -1.19378
1183     22.2100062103422    -1.12025
1184     22.2100367239767    -1.13106
1185     22.2100672376111    -1.14981
1186     22.2100977512456    -1.18201
1187     22.2101282648801    -1.15726
1188     22.2101587785145    -1.17574
1189     22.2101892921490    -1.26084
1190     22.2102198057835    -1.16796
1191     22.2102503194179    -1.16030
1192     22.2102808330524    -1.23375
1193     22.2103113466869    -1.23309
1194     22.2103418603213    -1.18772
1195     22.2103723739558    -1.12518
1196     22.2104028875903    -1.14737
1197     22.2104334012247    -1.15702
1198     22.2104639148592    -1.18350
1199     22.2104944284937    -1.17366
1200     22.2105249421281    -1.12227
1201     22.2105554557626    -1.17671
1202     22.2105859693971    -1.11114
1203     22.2106164830315    -1.19168
1204     22.2106469966660    -1.12370
1205     22.2106775103004    -1.24642
1206     22.2107080239349    -1.20766
1207     22.2107385375694    -1.21126
1208     22.2107690512038    -1.06947
1209     22.2107995648383    -1.10887
1210     22.2108300784728    -1.14874
1211     22.2108605921072    -1.17744
1212     22.2108911057417    -1.23792
1213     22.2109216193762    -1.13680
1214     22.2109521330106    -1.18747
1215     22.2109826466451    -1.24375
1216     22.2110131602796    -1.17784
1217     22.2110436739140    -1.14552
1218     22.2110741875485    -1.21985
1219     22.2111047011830    -1.18090
1220     22.2111352148174    -1.15057
1221     22.2111657284519    -1.15062
1222     22.2111962420864    -1.15626
1223     22.2112267557208    -1.19376
1224     22.2112572693553    -1.22786
1225     22.2112877829897    -1.12133
1226     22.2113182966242    -1.19530
1227     22.2113488102587    -1.19534
1228     22.2113793238931    -1.17240
1229     22.2114098375276    -1.16900
1230     22.2114403511621    -1.13955
1231     22.2114708647965    -1.15925
1232     22.2115013784310    -1.16473
1233     22.2115318920655    -1.16767
1234     22.2115624056999    -1.10014
1235     22.2115929193344    -1.13976
1236     22.2116234329689    -1.12382
1237     22.2116539466033    -1.07961
1238     22.2116844602378    -1.19470
1239     22.2117149738723    -1.20163
1240     22.2117454875067    -1.14087
1241     22.2117760011412    -1.16668
1242     22.2118065147757    -1.11697
1243     22.2118370284101    -1.20489
1244     22.2118675420446    -1.13748
1245     22.2118980556791    -1.19343
1246     22.2119285693135    -1.15044
1247     22.2119590829480    -1.12860
1248     22.2119895965824    -1.17105
1249     22.2120201102169    -1.18245
1250     22.2120506238514    -1.28366
1251     22.2120811374858    -1.24804
1252     22.2121116511203    -1.13700
1253     22.2121421647548    -1.25117
1254     22.2121726783892    -1.15533
1255     22.2122031920237    -1.23058
1256     22.2122337056582    -1.18421
1257     22.2122642192926    -1.13469
1258     22.2122947329271    -1.21013
1259     22.2123252465616    -1.22782
1260     22.2123557601960    -1.23701
1261     22.2123862738305    -1.15600
1262     22.2124167874650    -1.14964
1263     22.2124473010994    -1.15834
1264     22.2124778147339    -1.16780
1265     22.2125083283684    -1.21038
1266     22.2125388420028    -1.15422
1267     22.2125693556373    -1.21804
1268     22.2125998692718    -1.19847
1269     22.2126303829062    -1.15801
1270     22.2126608965407    -1.18978
1271     22.2126914101751    -1.13638
1272     22.2127219238096    -1.18603
1273     22.2127524374441    -1.18404
1274     22.2127829510785    -1.17105
1275     22.2128134647130    -1.14216
1276     22.2128439783475    -1.09596
1277     22.2128744919819    -1.17932
1278     22.2129050056164    -1.19568
1279     22.2129355192509    -1.17854
1280     22.2129660328853    -1.21002
1281     22.2129965465198    -1.19319
1282     22.2130270601543    -1.12951
1283     22.2130575737887    -1.15656
1284     22.2130880874232    -1.17446
1285     22.2131186010577    -1.18409
1286     22.2131491146921    -1.11089
1287     22.2131796283266    -1.15350
1288     22.2132101419611    -1.10331
1289     22.2132406555955    -1.18742
1290     22.2132711692300    -1.19947
1291     22.2133016828645    -1.21361
1292     22.2133321964989    -1.21223
1293     22.2133627101334    -1.21546
1294     22.2133932237678    -1.21313
1295     22.2134237374023    -1.19442
1296     22.2134542510368    -1.15858
1297     22.2134847646712    -1.11558
1298     22.2135152783057    -1.13725
1299     22.2135457919402    -1.18919
1300     22.2135763055746    -1.13447
1301     22.2136068192091    -1.18192
1302     22.2136373328436    -1.16210
1303     22.2136678464780    -1.10803
1304     22.2136983601125    -1.22223
1305     22.2137288737470    -1.21613
1306     22.2137593873814    -1.14582
1307     22.2137899010159    -1.18966
1308     22.2138204146504    -1.14619
1309     22.2138509282848    -1.26272
1310     22.2138814419193    -1.16732
1311     22.2139119555538    -1.18288
1312     22.2139424691882    -1.14822
1313     22.2139729828227    -1.17655
1314     22.2140034964572    -1.16036
1315     22.2140340100916    -1.16903
1316     22.2140645237261    -1.18405
1317     22.2140950373605    -1.14471
1318     22.2141255509950    -1.17021
1319     22.2141560646295    -1.18157
1320     22.2141865782639    -1.19900
1321     22.2142170918984    -1.13219
1322     22.2142476055329    -1.14741
1323     22.2142781191673    -1.15504
1324     22.2143086328018    -1.18229
1325     22.2143391464363    -1.21728
1326     22.2143696600707    -1.20570
1327     22.2144001737052    -1.20338
1328     22.2144306873397    -1.20645
1329     22.2144612009741    -1.14404
1330     22.2144917146086    -1.18953
1331     22.2145222282431    -1.17822
1332     22.2145527418775    -1.17362
1333     22.2145832555120    -1.16415
1334     22.2146137691464    -1.20495
1335     22.2146442827809    -1.19748
1336     22.2146747964154    -1.18391
1337     22.2147053100498    -1.20622
1338     22.2147358236843    -1.16645
1339     22.2147663373188    -1.20223
1340     22.2147968509532    -1.12017
1341     22.2148273645877    -1.22520
1342     22.2148578782222    -1.14123
1343     22.2148883918566    -1.28253
1344     22.2149189054911    -1.19016
1345     22.2149494191256    -1.17825
1346     22.2149799327600    -1.18289
1347     22.2150104463945    -1.12914
1348     22.2150409600290    -1.15848
1349     22.2150714736634    -1.16063
1350     22.2151019872979    -1.17843
1351     22.2151325009324    -1.24664
1352     22.2151630145668    -1.24518
1353     22.2151935282013    -1.15537
1354     22.2152240418358    -1.16892
1355     22.2152545554702    -1.18157
1356     22.2152850691047    -1.13374
1357     22.2153155827391    -1.19121
1358     22.2153460963736    -1.18339
1359     22.2153766100081    -1.20949
1360     22.2154071236425    -1.13757
1361     22.2154376372770    -1.16014
1362     22.2154681509115    -1.21304
1363     22.2154986645459    -1.19429
1364     22.2155291781804    -1.21586
1365     22.2155596918149    -1.20286
1366     22.2155902054493    -1.15320
1367     22.2156207190838    -1.16031
1368     22.2156512327183    -1.15683
1369     22.2156817463527    -1.19216
1370     22.2157122599872    -1.19347
1371     22.2157427736217    -1.21629
1372     22.2157732872561    -1.15222
1373     22.2158038008906    -1.10333
1374     22.2158343145251    -1.17314
1375     22.2158648281595    -1.18054
1376     22.2158953417940    -1.14139
1377     22.2159258554285    -1.23717
1378     22.2159563690629    -1.22053
1379     22.2159868826974    -1.17299
1380     22.2160173963318    -1.17121
1381     22.2160479099663    -1.08974
1382     22.2160784236008    -1.19925
1383     22.2161089372352    -1.11388
1384     22.2161394508697    -1.19091
1385     22.2161699645042    -1.19912
1386     22.2162004781386    -1.18848
1387     22.2162309917731    -1.17433
1388     22.2162615054076    -1.18699
1389     22.2162920190420    -1.23679
1390     22.2163225326765    -1.19204
1391     22.2163530463110    -1.17822
1392     22.2163835599454    -1.17619
1393     22.2164140735799    -1.19157
1394     22.2164445872144    -1.18511
1395     22.2164751008488    -1.14899
1396     22.2165056144833    -1.16736
1397     22.2165361281178    -1.19932
1398     22.2165666417522    -1.20813
1399     22.2165971553867    -1.20444
1400     22.2166276690212    -1.14218
1401     22.2166581826556    -1.13560
1402     22.2166886962901    -1.24423
1403     22.2167192099245    -1.21190
1404     22.2167497235590    -1.19590
1405     22.2167802371935    -1.13457
1406     22.2168107508279    -1.22966
1407     22.2168412644624    -1.16157
1408     22.2168717780969    -1.24867
1409     22.2169022917313    -1.19106
1410     22.2169328053658    -1.15935
1411     22.2169633190003    -1.15432
1412     22.2169938326347    -1.19225
1413     22.2170243462692    -1.20002
1414     22.2170548599037    -1.13807
1415     22.2170853735381    -1.18342
1416     22.2171158871726    -1.06603
1417     22.2171464008071    -1.14788
1418     22.2171769144415    -1.20257
1419     22.2172074280760    -1.19533
1420     22.2172379417105    -1.25221
1421     22.2172684553449    -1.11617
1422     22.2172989689794    -1.26028
1423     22.2173294826138    -1.16474
1424     22.2173599962483    -1.24601
1425     22.2173905098828    -1.18089
1426     22.2174210235172    -1.20339
1427     22.2174515371517    -1.14499
1428     22.2174820507862    -1.21243
1429     22.2175125644206    -1.18010
1430     22.2175430780551    -1.15161
1431     22.2175735916896    -1.18939
1432     22.2176041053240    -1.09806
1433     22.2176346189585    -1.22989
1434     22.2176651325930    -1.14801
1435     22.2176956462274    -1.21276
1436     22.2177261598619    -1.13007
1437     22.2177566734964    -1.20874
1438     22.2177871871308    -1.14403
1439     22.2178177007653    -1.15440
1440     22.2178482143998    -1.20751
1441     22.2178787280342    -1.15900
1442     22.2179092416687    -1.21798
1443     22.2179397553032    -1.15609
1444     22.2179702689376    -1.21583
1445     22.2180007825721    -1.19036
1446     22.2180312962065    -1.17402
1447     22.2180618098410    -1.17367
1448     22.2180923234755    -1.18175
1449     22.2181228371099    -1.24962
1450     22.2181533507444    -1.20242
1451     22.2181838643789    -1.18871
1452     22.2182143780133    -1.23080
1453     22.2182448916478    -1.15971
1454     22.2182754052823    -1.17749
1455     22.2183059189167    -1.17268
1456     22.2183364325512    -1.14347
1457     22.2183669461857    -1.19934
1458     22.2183974598201    -1.20591
1459     22.2184279734546    -1.17955
1460     22.2184584870891    -1.24999
1461     22.2184890007235    -1.14720
1462     22.2185195143580    -1.19591
1463     22.2185500279925    -1.21271
1464     22.2185805416269    -1.23450
1465     22.2186110552614    -1.27468
1466     22.2186415688959    -1.20043
1467     22.2186720825303    -1.23760
1468     22.2187025961648    -1.22096
1469     22.2187331097992    -1.22216
1470     22.2187636234337    -1.19016
1471     22.2187941370682    -1.14979
1472     22.2188246507026    -1.12411
1473     22.2188551643371    -1.18517
1474     22.2188856779716    -1.16070
1475     22.2189161916060    -1.11011
1476     22.2189467052405    -1.18948
1477     22.2189772188750    -1.18606
1478     22.2190077325094    -1.19735
1479     22.2190382461439    -1.21601
1480     22.2190687597784    -1.22986
1481     22.2190992734128    -1.17016
1482     22.2191297870473    -1.19957
1483     22.2191603006818    -1.20635
1484     22.2191908143162    -1.18892
1485     22.2192213279507    -1.17371
1486     22.2192518415851    -1.17086
1487     22.2192823552196    -1.18973
1488     22.2193128688541    -1.23860
1489     22.2193433824885    -1.17318
1490     22.2193738961230    -1.15441
1491     22.2194044097575    -1.13666
1492     22.2194349233919    -1.25554
1493     22.2194654370264    -1.16513
1494     22.2194959506609    -1.17671
1495     22.2195264642953    -1.27421
1496     22.2195569779298    -1.25894
1497     22.2195874915643    -1.11241
1498     22.2196180051987    -1.25920
1499     22.2196485188332    -1.15711
1500     22.2196790324677    -1.18531
1501     22.2197095461021    -1.14996
1502     22.2197400597366    -1.15541
1503     22.2197705733711    -1.18318
1504     22.2198010870055    -1.18785
1505     22.2198316006400    -1.11914
1506     22.2198621142745    -1.14979
1507     22.2198926279089    -1.18633
1508     22.2199231415434    -1.17122
1509     22.2199536551779    -1.14119
1510     22.2199841688123    -1.14463
1511     22.2200146824468    -1.10826
1512     22.2200451960812    -1.17290
1513     22.2200757097157    -1.14452
1514     22.2201062233502    -1.06938
1515     22.2201367369846    -1.14395
1516     22.2201672506191    -1.22006
1517     22.2201977642536    -1.15754
1518     22.2202282778880    -1.14282
1519     22.2202587915225    -1.20488
1520     22.2202893051570    -1.15129
1521     22.2203198187914    -1.13124
1522     22.2203503324259    -1.19967
1523     22.2203808460604    -1.05373
1524     22.2204113596948    -1.24191
1525     22.2204418733293    -1.15639
1526     22.2204723869638    -1.14124
1527     22.2205029005982    -1.21339
1528     22.2205334142327    -1.17801
1529     22.2205639278672    -1.14670
1530     22.2205944415016    -1.09221
1531     22.2206249551361    -1.23005
1532     22.2206554687705    -1.16334
1533     22.2206859824050    -1.19725
1534     22.2207164960395    -1.22377
1535     22.2207470096739    -1.16759
1536     22.2207775233084    -1.19522
1537     22.2208080369429    -1.18308
1538     22.2208385505773    -1.17731
1539     22.2208690642118    -1.19630
1540     22.2208995778463    -1.16756
1541     22.2209300914807    -1.10915
1542     22.2209606051152    -1.13381
1543     22.2209911187497    -1.24320
1544     22.2210216323841    -1.16876
1545     22.2210521460186    -1.16053
1546     22.2210826596531    -1.19403
1547     22.2211131732875    -1.14869
1548     22.2211436869220    -1.18651
1549     22.2211742005565    -1.16904
1550     22.2212047141909    -1.16191
1551     22.2212352278254    -1.19737
1552     22.2212657414599    -1.21073
1553     22.2212962550943    -1.12276
1554     22.2213267687288    -1.16113
1555     22.2213572823632    -1.18198
1556     22.2213877959977    -1.05898
1557     22.2214183096322    -1.17371
1558     22.2214488232666    -1.18743
1559     22.2214793369011    -1.21450
1560     22.2215098505356    -1.15031
1561     22.2215403641700    -1.19514
1562     22.2215708778045    -1.13928
1563     22.2216013914390    -1.13803
1564     22.2216319050734    -1.20363
1565     22.2216624187079    -1.20269
1566     22.2216929323424    -1.13789
1567     22.2217234459768    -1.17896
1568     22.2217539596113    -1.18321
1569     22.2217844732458    -1.13551
1570     22.2218149868802    -1.18286
1571     22.2218455005147    -1.21212
1572     22.2218760141492    -1.17607
1573     22.2219065277836    -1.20529
1574     22.2219370414181    -1.22876
1575     22.2219675550525    -1.27470
1576     22.2219980686870    -1.22599
1577     22.2220285823215    -1.20331
1578     22.2220590959559    -1.25749
1579     22.2220896095904    -1.24821
1580     22.2221201232249    -1.19476
1581     22.2221506368593    -1.09781
1582     22.2221811504938    -1.14602
1583     22.2222116641283    -1.18244
1584     22.2222421777627    -1.19539
1585     22.2222726913972    -1.14772
1586     22.2223032050317    -1.17745
1587     22.2223337186661    -1.18916
1588     22.2223642323006    -1.13822
1589     22.2223947459351    -1.19500
1590     22.2224252595695    -1.16679
1591     22.2224557732040    -1.24071
1592     22.2224862868385    -1.13801
1593     22.2225168004729    -1.09305
1594     22.2225473141074    -1.23088
1595     22.2225778277419    -1.21417
1596     22.2226083413763    -1.18145
1597     22.2226388550108    -1.21597
1598     22.2226693686452    -1.16861
1599     22.2226998822797    -1.16303
1600     22.2227303959142    -1.17641
1601     22.2227609095486    -1.14745
1602     22.2227914231831    -1.17768
1603     22.2228219368176    -1.22050
1604     22.2228524504520    -1.17093
1605     22.2228829640865    -1.14116
1606     22.2229134777210    -1.10023
1607     22.2229439913554    -1.18558
1608     22.2229745049899    -1.11090
1609     22.2230050186244    -1.20875
1610     22.2230355322588    -1.10166
1611     22.2230660458933    -1.22074
1612     22.2230965595278    -1.10998
1613     22.2231270731622    -1.15004
1614     22.2231575867967    -1.10066
1615     22.2231881004312    -1.24449
1616     22.2232186140656    -1.15233
1617     22.2232491277001    -1.14640
1618     22.2232796413345    -1.13478
1619     22.2233101549690    -1.19980
1620     22.2233406686035    -1.07252
1621     22.2233711822379    -1.11628
1622     22.2234016958724    -1.08380
1623     22.2234322095069    -1.20581
1624     22.2234627231413    -1.19038
1625     22.2234932367758    -1.16996
1626     22.2235237504103    -1.16570
1627     22.2235542640447    -1.17640
1628     22.2235847776792    -1.19349
1629     22.2236152913137    -1.20676
1630     22.2236458049481    -1.18310
1631     22.2236763185826    -1.15106
1632     22.2237068322171    -1.19834
1633     22.2237373458515    -1.18698
1634     22.2237678594860    -1.20587
1635     22.2237983731205    -1.16312
1636     22.2238288867549    -1.16508
1637     22.2238594003894    -1.18377
1638     22.2238899140239    -1.21901
1639     22.2239204276583    -1.16123
1640     22.2239509412928    -1.19958
1641     22.2239814549272    -1.17035
1642     22.2240119685617    -1.11225
1643     22.2240424821962    -1.12107
1644     22.2240729958306    -1.12917
1645     22.2241035094651    -1.22180
1646     22.2241340230996    -1.24093
1647     22.2241645367340    -1.13913
1648     22.2241950503685    -1.20878
1649     22.2242255640030    -1.21176
1650     22.2242560776374    -1.22211
1651     22.2242865912719    -1.14990
1652     22.2243171049064    -1.17855
1653     22.2243476185408    -1.20587
1654     22.2243781321753    -1.12881
1655     22.2244086458098    -1.17627
1656     22.2244391594442    -1.20963
1657     22.2244696730787    -1.19507
1658     22.2245001867132    -1.20794
1659     22.2245307003476    -1.13328
1660     22.2245612139821    -1.26080
1661     22.2245917276166    -1.18643
1662     22.2246222412510    -1.19184
1663     22.2246527548855    -1.12413
1664     22.2246832685199    -1.22058
1665     22.2247137821544    -1.21272
1666     22.2247442957889    -1.16034
1667     22.2247748094233    -1.15341
1668     22.2248053230578    -1.17904
1669     22.2248358366923    -1.10512
1670     22.2248663503267    -1.16247
1671     22.2248968639612    -1.18791
1672     22.2249273775957    -1.16536
1673     22.2249578912301    -1.20427
1674     22.2249884048646    -1.09823
1675     22.2250189184991    -1.16380
1676     22.2250494321335    -1.17068
1677     22.2250799457680    -1.10658
1678     22.2251104594025    -1.15939
1679     22.2251409730369    -1.23250
1680     22.2251714866714    -1.17393
1681     22.2252020003059    -1.13203
1682     22.2252325139403    -1.21356
1683     22.2252630275748    -1.23013
1684     22.2252935412093    -1.16419
1685     22.2253240548437    -1.25816
1686     22.2253545684782    -1.15569
1687     22.2253850821126    -1.13333
1688     22.2254155957471    -1.06871
1689     22.2254461093816    -1.11934
1690     22.2254766230160    -1.21353
1691     22.2255071366505    -1.21651
1692     22.2255376502850    -1.14292
1693     22.2255681639194    -1.15634
1694     22.2255986775539    -1.11299
1695     22.2256291911884    -1.12130
1696     22.2256597048228    -1.09934
1697     22.2256902184573    -1.18862
1698     22.2257207320918    -1.18509
1699     22.2257512457262    -1.16871
1700     22.2257817593607    -1.10783
1701     22.2258122729952    -1.11031
1702     22.2258427866296    -1.20335
1703     22.2258733002641    -1.20989
1704     22.2259038138986    -1.19866
1705     22.2259343275330    -1.14532
1706     22.2259648411675    -1.26483
1707     22.2259953548019    -1.21739
1708     22.2260258684364    -1.18651
1709     22.2260563820709    -1.24436
1710     22.2260868957053    -1.17211
1711     22.2261174093398    -1.15825
1712     22.2261479229743    -1.17953
1713     22.2261784366087    -1.15397
1714     22.2262089502432    -1.16797
1715     22.2262394638777    -1.11575
1716     22.2262699775121    -1.18540
1717     22.2263004911466    -1.18523
1718     22.2263310047811    -1.21163
1719     22.2263615184155    -1.14582
1720     22.2263920320500    -1.22140
1721     22.2264225456845    -1.12880
1722     22.2264530593189    -1.20610
1723     22.2264835729534    -1.21612
1724     22.2265140865879    -1.14990
1725     22.2265446002223    -1.19279
1726     22.2265751138568    -1.20804
1727     22.2266056274912    -1.26636
1728     22.2266361411257    -1.17619
1729     22.2266666547602    -1.15127
1730     22.2266971683946    -1.09782
1731     22.2267276820291    -1.15056
1732     22.2267581956636    -1.17011
1733     22.2267887092980    -1.20540
1734     22.2268192229325    -1.14561
1735     22.2268497365670    -1.12429
1736     22.2268802502014    -1.10642
1737     22.2269107638359    -1.20682
1738     22.2269412774704    -1.10917
1739     22.2269717911048    -1.20497
1740     22.2270023047393    -1.20212
1741     22.2270328183738    -1.19930
1742     22.2270633320082    -1.15612
1743     22.2270938456427    -1.24729
1744     22.2271243592772    -1.26227
1745     22.2271548729116    -1.18079
1746     22.2271853865461    -1.22331
1747     22.2272159001806    -1.20321
1748     22.2272464138150    -1.14679
1749     22.2272769274495    -1.10467
1750     22.2273074410840    -1.21652
1751     22.2273379547184    -1.17498
1752     22.2273684683529    -1.13526
1753     22.2273989819873    -1.14351
1754     22.2274294956218    -1.18030
1755     22.2274600092563    -1.22010
1756     22.2274905228907    -1.17951
1757     22.2275210365252    -1.13070
1758     22.2275515501597    -1.17198
1759     22.2275820637941    -1.07089
1760     22.2276125774286    -1.18766
1761     22.2276430910631    -1.17542
1762     22.2276736046975    -1.20196
1763     22.2277041183320    -1.16496
1764     22.2277346319665    -1.21901
1765     22.2277651456009    -1.22221
1766     22.2277956592354    -1.15716
1767     22.2278261728699    -1.14704
1768     22.2278566865043    -1.13886
1769     22.2278872001388    -1.12781
1770     22.2279177137733    -1.16657
1771     22.2279482274077    -1.20794
1772     22.2279787410422    -1.18341
1773     22.2280092546766    -1.09730
1774     22.2280397683111    -1.22077
1775     22.2280702819456    -1.13450
1776     22.2281007955800    -1.17068
1777     22.2281313092145    -1.16285
1778     22.2281618228490    -1.23446
1779     22.2281923364834    -1.20104
1780     22.2282228501179    -1.10356
1781     22.2282533637524    -1.16088
1782     22.2282838773868    -1.22938
1783     22.2283143910213    -1.19996
1784     22.2283449046558    -1.18859
1785     22.2283754182902    -1.18043
1786     22.2284059319247    -1.23920
1787     22.2284364455592    -1.14180
1788     22.2284669591936    -1.14547
1789     22.2284974728281    -1.14230
1790     22.2285279864626    -1.16916
1791     22.2285585000970    -1.22090
1792     22.2285890137315    -1.18284
1793     22.2286195273660    -1.12012
1794     22.2286500410004    -1.23765
1795     22.2286805546349    -1.17167
1796     22.2287110682693    -1.22607
1797     22.2287415819038    -1.08819
1798     22.2287720955383    -1.14824
1799     22.2288026091727    -1.08269
1800     22.2288331228072    -1.16691
1801     22.2288636364417    -1.15643
1802     22.2288941500761    -1.18030
1803     22.2289246637106    -1.19785
1804     22.2289551773451    -1.16591
1805     22.2289856909795    -1.19389
1806     22.2290162046140    -1.19807
1807     22.2290467182485    -1.15012
1808     22.2290772318829    -1.18644
1809     22.2291077455174    -1.15586
1810     22.2291382591519    -1.23392
1811     22.2291687727863    -1.13517
1812     22.2291992864208    -1.17788
1813     22.2292298000553    -1.16523
1814     22.2292603136897    -1.16637
1815     22.2292908273242    -1.15333
1816     22.2293213409586    -1.13784
1817     22.2293518545931    -1.17006
1818     22.2293823682276    -1.14191
1819     22.2294128818620    -1.16246
1820     22.2294433954965    -1.18104
1821     22.2294739091310    -1.18667
1822     22.2295044227654    -1.14977
1823     22.2295349363999    -1.06370
1824     22.2295654500344    -1.20227
1825     22.2295959636688    -1.23779
1826     22.2296264773033    -1.22677
1827     22.2296569909378    -1.20159
1828     22.2296875045722    -1.22700
1829     22.2297180182067    -1.17419
1830     22.2297485318412    -1.25280
1831     22.2297790454756    -1.16988
1832     22.2298095591101    -1.14329
1833     22.2298400727446    -1.17430
1834     22.2298705863790    -1.12338
1835     22.2299011000135    -1.23155
1836     22.2299316136479    -1.17660
1837     22.2299621272824    -1.19359
1838     22.2299926409169    -1.13311
1839     22.2300231545513    -1.12288
1840     22.2300536681858    -1.18879
1841     22.2300841818203    -1.11414
1842     22.2301146954547    -1.22936
1843     22.2301452090892    -1.20655
1844     22.2301757227237    -1.18613
1845     22.2302062363581    -1.22821
1846     22.2302367499926    -1.19449
1847     22.2302672636271    -1.15401
1848     22.2302977772615    -1.16708
1849     22.2303282908960    -1.18900
1850     22.2303588045305    -1.24213
1851     22.2303893181649    -1.25073
1852     22.2304198317994    -1.27763
1853     22.2304503454339    -1.26107
1854     22.2304808590683    -1.16466
1855     22.2305113727028    -1.12857
1856     22.2305418863373    -1.22454
1857     22.2305723999717    -1.17269
1858     22.2306029136062    -1.14880
1859     22.2306334272406    -1.20708
1860     22.2306639408751    -1.17771
1861     22.2306944545096    -1.17602
1862     22.2307249681440    -1.13059
1863     22.2307554817785    -1.12898
1864     22.2307859954130    -1.23479
1865     22.2308165090474    -1.18003
1866     22.2308470226819    -1.23594
1867     22.2308775363164    -1.17846
1868     22.2309080499508    -1.16118
1869     22.2309385635853    -1.17617
1870     22.2309690772198    -1.21685
1871     22.2309995908542    -1.20322
1872     22.2310301044887    -1.13250
1873     22.2310606181232    -1.10263
1874     22.2310911317576    -1.20306
1875     22.2311216453921    -1.15024
1876     22.2311521590266    -1.15704
1877     22.2311826726610    -1.21746
1878     22.2312131862955    -1.19285
1879     22.2312436999300    -1.11705
1880     22.2312742135644    -1.16532
1881     22.2313047271989    -1.18302
1882     22.2313352408333    -1.17231
1883     22.2313657544678    -1.27213
1884     22.2313962681023    -1.14444
1885     22.2314267817367    -1.18912
1886     22.2314572953712    -1.21083
1887     22.2314878090057    -1.18829
1888     22.2315183226401    -1.16816
1889     22.2315488362746    -1.13033
1890     22.2315793499091    -1.14958
1891     22.2316098635435    -1.16635
1892     22.2316403771780    -1.18530
1893     22.2316708908125    -1.25014
1894     22.2317014044469    -1.17834
1895     22.2317319180814    -1.17538
1896     22.2317624317159    -1.18123
1897     22.2317929453503    -1.13587
1898     22.2318234589848    -1.22575
1899     22.2318539726193    -1.24839
1900     22.2318844862537    -1.17962
1901     22.2319149998882    -1.23876
1902     22.2319455135226    -1.15548
1903     22.2319760271571    -1.16063
1904     22.2320065407916    -1.11177
1905     22.2320370544260    -1.15337
1906     22.2320675680605    -1.17764
1907     22.2320980816950    -1.16966
1908     22.2321285953294    -1.21346
1909     22.2321591089639    -1.18159
1910     22.2321896225984    -1.10319
1911     22.2322201362328    -1.26335
1912     22.2322506498673    -1.10878
1913     22.2322811635018    -1.16463
1914     22.2323116771362    -1.15824
1915     22.2323421907707    -1.12543
1916     22.2323727044052    -1.17559
1917     22.2324032180396    -1.21462
1918     22.2324337316741    -1.18124
1919     22.2324642453086    -1.13107
1920     22.2324947589430    -1.11160
1921     22.2325252725775    -1.21903
1922     22.2325557862120    -1.16792
1923     22.2325862998464    -1.21292
1924     22.2326168134809    -1.12518
1925     22.2326473271154    -1.14816
1926     22.2326778407498    -1.18140
1927     22.2327083543843    -1.16004
1928     22.2327388680187    -1.26003
1929     22.2327693816532    -1.23788
1930     22.2327998952877    -1.14138
1931     22.2328304089221    -1.20692
1932     22.2328609225566    -1.12240
1933     22.2328914361911    -1.15364
1934     22.2329219498255    -1.16661
1935     22.2329524634600    -1.15791
1936     22.2329829770945    -1.17053
1937     22.2330134907289    -1.16912
1938     22.2330440043634    -1.20949
1939     22.2330745179979    -1.22725
1940     22.2331050316323    -1.16443
1941     22.2331355452668    -1.16773
1942     22.2331660589013    -1.14490
1943     22.2331965725357    -1.24412
1944     22.2332270861702    -1.15808
1945     22.2332575998047    -1.21677
1946     22.2332881134391    -1.24294
1947     22.2333186270736    -1.17481
1948     22.2333491407080    -1.19487
1949     22.2333796543425    -1.14768
1950     22.2334101679770    -1.18879
1951     22.2334406816114    -1.22842
1952     22.2334711952459    -1.09929
1953     22.2335017088804    -1.18769
1954     22.2335322225148    -1.17490
1955     22.2335627361493    -1.19147
1956     22.2335932497838    -1.26367
1957     22.2336237634182    -1.20469
1958     22.2336542770527    -1.21626
1959     22.2336847906872    -1.13137
1960     22.2337153043216    -1.24101
1961     22.2337458179561    -1.19885
1962     22.2337763315906    -1.24859
1963     22.2338068452250    -1.15600
1964     22.2338373588595    -1.18737
1965     22.2338678724940    -1.24107
1966     22.2338983861284    -1.21700
1967     22.2339288997629    -1.24353
1968     22.2339594133973    -1.16771
1969     22.2339899270318    -1.13559
1970     22.2340204406663    -1.25730
1971     22.2340509543007    -1.15719
1972     22.2340814679352    -1.20992
1973     22.2341119815697    -1.09058
1974     22.2341424952041    -1.15253
1975     22.2341730088386    -1.18630
1976     22.2342035224731    -1.17906
1977     22.2342340361075    -1.16350
1978     22.2342645497420    -1.21467
1979     22.2342950633765    -1.20088
1980     22.2343255770109    -1.10965
1981     22.2343560906454    -1.19381
1982     22.2343866042799    -1.16814
1983     22.2344171179143    -1.08569
1984     22.2344476315488    -1.12858
1985     22.2344781451833    -1.24093
1986     22.2345086588177    -1.19780
1987     22.2345391724522    -1.17338
1988     22.2345696860867    -1.19187
1989     22.2346001997211    -1.17365
1990     22.2346307133556    -1.18805
1991     22.2346612269900    -1.13911
1992     22.2346917406245    -0.83797
1993     22.2347222542590     0.36361
1994     22.2347527678934    -0.02669
1995     22.2347832815279    -0.29745
1996     22.2348137951624     1.89247
1997     22.2348443087968    48.59479
1998     22.2348748224313    73.52749
1999     22.2349053360658    14.82383
2000     22.2349358497002     6.04813
2001     22.2349663633347     1.56025
2002     22.2349968769692    -0.11028
2003     22.2350273906036    -0.87038
2004     22.2350579042381    -1.05739
2005     22.2350884178726    -1.16891
2006     22.2351189315070    -1.18694
2007     22.2351494451415    -1.18972
2008     22.2351799587760    -1.19814
2009     22.2352104724104    -1.19628
2010     22.2352409860449    -1.20436
2011     22.2352714996793    -1.16910
2012     22.2353020133138    -1.12038
2013     22.2353325269483    -1.13086
2014     22.2353630405827    -1.14949
2015     22.2353935542172    -1.12286
2016     22.2354240678517    -1.24739
2017     22.2354545814861    -1.19663
2018     22.2354850951206    -1.12659
2019     22.2355156087551    -1.17390
2020     22.2355461223895    -1.16118
2021     22.2355766360240    -1.19904
2022     22.2356071496585    -1.17667
2023     22.2356376632929    -1.25600
2024     22.2356681769274    -1.19745
2025     22.2356986905619    -1.21151
2026     22.2357292041963    -1.20869
2027     22.2357597178308    -1.10852
2028     22.2357902314653    -1.22100
2029     22.2358207450997    -1.12469
2030     22.2358512587342    -1.18488
2031     22.2358817723687    -1.25053
2032     22.2359122860031    -1.21248
2033     22.2359427996376    -1.24428
2034     22.2359733132721    -1.13976
2035     22.2360038269065    -1.19524
2036     22.2360343405410    -1.13903
2037     22.2360648541754    -1.11378
2038     22.2360953678099    -1.18214
2039     22.2361258814444    -1.15527
2040     22.2361563950788    -1.12514
2041     22.2361869087133    -1.14178
2042     22.2362174223478    -1.14513
2043     22.2362479359822    -1.20081
2044     22.2362784496167    -1.15368
2045     22.2363089632512    -1.24426
2046     22.2363394768856    -1.17828
2047     22.2363699905201    -1.16433
2048     22.2364005041546    -1.16397
