   1     22.2336374039162     0.29805
   2     22.2336679310163     0.07918
   3     22.2336984581165    -0.07738
   4     22.2337289852167    -0.07523
   5     22.2337595123169    -0.04100
   6     22.2337900394171    -0.22871
   7     22.2338205665172     0.00258
   8     22.2338510936174    -0.09757
   9     22.2338816207176    -0.13288
  10     22.2339121478178     0.19147
  11     22.2339426749180     0.15572
  12     22.2339732020181    -0.02707
  13     22.2340037291183     0.00469
  14     22.2340342562185     0.00355
  15     22.2340647833187    -0.05443
  16     22.2340953104189    -0.09022
  17     22.2341258375190     0.01288
  18     22.2341563646192    -0.16190
  19     22.2341868917194     0.01402
  20     22.2342174188196    -0.03609
  21     22.2342479459198    -0.00411
  22     22.2342784730199    -0.13959
  23     22.2343090001201    -0.00090
  24     22.2343395272203     0.03434
  25     22.2343700543205     0.08365
  26     22.2344005814207     0.13138
  27     22.2344311085208    -0.02494
  28     22.2344616356210     0.06747
  29     22.2344921627212     0.05912
  30     22.2345226898214     0.01309
  31     22.2345532169216     0.10343
  32     22.2345837440217     0.07578
  33     22.2346142711219     0.05416
  34     22.2346447982221     0.03002
  35     22.2346753253223    -0.05975
  36     22.2347058524225    -0.04358
  37     22.2347363795226     0.01893
  38     22.2347669066228    -0.11032
  39     22.2347974337230    -0.01422
  40     22.2348279608232     0.00157
  41     22.2348584879234     0.00755
  42     22.2348890150235     0.02119
  43     22.2349195421237     0.13606
  44     22.2349500692239     0.13779
  45     22.2349805963241     0.09410
  46     22.2350111234243     0.06458
  47     22.2350416505244     0.17523
  48     22.2350721776246     0.14212
  49     22.2351027047248     0.11330
  50     22.2351332318250     0.15634
  51     22.2351637589252     0.06778
  52     22.2351942860253     0.06751
  53     22.2352248131255     0.04032
  54     22.2352553402257     0.31452
  55     22.2352858673259     1.35823
  56     22.2353163944261     1.27227
  57     22.2353469215262     0.55692
  58     22.2353774486264     0.02204
  59     22.2354079757266     0.37429
  60     22.2354385028268     0.18856
  61     22.2354690299269     0.46283
  62     22.2354995570271     0.09652
  63     22.2355300841273     0.43401
  64     22.2355606112275     0.46170
  65     22.2355911383277     0.28708
  66     22.2356216654278     0.13281
  67     22.2356521925280     0.15616
  68     22.2356827196282     1.48089
  69     22.2357132467284     0.74347
  70     22.2357437738286     0.10537
  71     22.2357743009287    -0.00348
  72     22.2358048280289     0.14609
  73     22.2358353551291     0.13440
  74     22.2358658822293    -0.06958
  75     22.2358964093295    -0.00286
  76     22.2359269364296    -0.04841
  77     22.2359574635298     0.09677
  78     22.2359879906300     0.06333
  79     22.2360185177302     0.01443
  80     22.2360490448304    -0.06107
  81     22.2360795719305     0.04630
  82     22.2361100990307    -0.20175
  83     22.2361406261309    -0.00925
  84     22.2361711532311    -0.06635
  85     22.2362016803313     0.04973
  86     22.2362322074314    -0.05720
  87     22.2362627345316     0.19177
  88     22.2362932616318     0.17194
  89     22.2363237887320    -0.02083
  90     22.2363543158322     0.11653
  91     22.2363848429323     0.09876
  92     22.2364153700325     0.21850
  93     22.2364458971327    -0.02801
  94     22.2364764242329     0.11204
  95     22.2365069513331     0.15940
  96     22.2365374784332     0.18992
  97     22.2365680055334     0.09029
  98     22.2365985326336    -0.01232
  99     22.2366290597338     0.07013
 100     22.2366595868340     0.02393
 101     22.2366901139341     0.02820
 102     22.2367206410343     0.06737
 103     22.2367511681345     0.00903
 104     22.2367816952347     0.13064
 105     22.2368122223349    -0.06776
 106     22.2368427494350    -0.11839
 107     22.2368732765352     0.05121
 108     22.2369038036354     0.09238
 109     22.2369343307356     0.18545
 110     22.2369648578358     0.08587
 111     22.2369953849359     0.01708
 112     22.2370259120361    -0.03983
 113     22.2370564391363     0.00989
 114     22.2370869662365    -0.01766
 115     22.2371174933367    -0.01221
 116     22.2371480204368     0.02939
 117     22.2371785475370    -0.10779
 118     22.2372090746372     0.13190
 119     22.2372396017374    -0.06111
 120     22.2372701288375    -0.04988
 121     22.2373006559377    -0.06711
 122     22.2373311830379    -0.05280
 123     22.2373617101381    -0.08828
 124     22.2373922372383    -0.00780
 125     22.2374227643384     0.02823
 126     22.2374532914386    -0.01350
 127     22.2374838185388    -0.02953
 128     22.2375143456390    -0.00178
 129     22.2375448727392    -0.13394
 130     22.2375753998394    -0.04272
 131     22.2376059269395     0.02784
 132     22.2376364540397    -0.09634
 133     22.2376669811399     0.02911
 134     22.2376975082401    -0.03545
 135     22.2377280353402     0.09067
 136     22.2377585624404     0.04886
 137     22.2377890895406    -0.08540
 138     22.2378196166408     0.10803
 139     22.2378501437410    -0.04803
 140     22.2378806708411    -0.10391
 141     22.2379111979413    -0.03869
 142     22.2379417250415     0.15096
 143     22.2379722521417     0.03611
 144     22.2380027792419     0.09029
 145     22.2380333063420     0.14008
 146     22.2380638334422    -0.03905
 147     22.2380943605424    -0.14366
 148     22.2381248876426     0.01197
 149     22.2381554147428     0.04861
 150     22.2381859418429    -0.03339
 151     22.2382164689431    -0.01331
 152     22.2382469960433     0.12990
 153     22.2382775231435     0.12239
 154     22.2383080502437     0.04921
 155     22.2383385773438     0.13033
 156     22.2383691044440     0.05218
 157     22.2383996315442     0.19551
 158     22.2384301586444    -0.05753
 159     22.2384606857446     0.09526
 160     22.2384912128447    -0.05834
 161     22.2385217399449    -0.09851
 162     22.2385522670451     0.03128
 163     22.2385827941453     0.08637
 164     22.2386133212455     0.09995
 165     22.2386438483456    -0.03784
 166     22.2386743754458     0.04456
 167     22.2387049025460     0.10191
 168     22.2387354296462     0.01652
 169     22.2387659567464     0.02012
 170     22.2387964838465    -0.06057
 171     22.2388270109467    -0.07190
 172     22.2388575380469    -0.08476
 173     22.2388880651471     0.07865
 174     22.2389185922473     0.01832
 175     22.2389491193474     0.05107
 176     22.2389796464476     0.08880
 177     22.2390101735478     0.11116
 178     22.2390407006480    -0.09695
 179     22.2390712277482    -0.03994
 180     22.2391017548483    -0.07331
 181     22.2391322819485    -0.09926
 182     22.2391628090487    -0.03951
 183     22.2391933361489    -0.07882
 184     22.2392238632491     0.17839
 185     22.2392543903492     0.08106
 186     22.2392849174494    -0.01821
 187     22.2393154445496    -0.16727
 188     22.2393459716498    -0.03791
 189     22.2393764987500    -0.15952
 190     22.2394070258501    -0.03481
 191     22.2394375529503    -0.22448
 192     22.2394680800505    -0.05355
 193     22.2394986071507    -0.03290
 194     22.2395291342509     0.01087
 195     22.2395596613510    -0.04781
 196     22.2395901884512     0.06299
 197     22.2396207155514     0.04047
 198     22.2396512426516     0.03653
 199     22.2396817697517     0.05328
 200     22.2397122968519    -0.04261
 201     22.2397428239521    -0.12266
 202     22.2397733510523     0.00219
 203     22.2398038781525    -0.03580
 204     22.2398344052526    -0.07721
 205     22.2398649323528     0.00345
 206     22.2398954594530     0.03438
 207     22.2399259865532     0.01494
 208     22.2399565136534     0.05000
 209     22.2399870407535    -0.08920
 210     22.2400175678537    -0.14658
 211     22.2400480949539    -0.04073
 212     22.2400786220541    -0.02675
 213     22.2401091491543     0.11893
 214     22.2401396762544     0.04931
 215     22.2401702033546    -0.07095
 216     22.2402007304548    -0.14496
 217     22.2402312575550    -0.03009
 218     22.2402617846552     0.03322
 219     22.2402923117553    -0.04220
 220     22.2403228388555    -0.02516
 221     22.2403533659557     0.07812
 222     22.2403838930559     0.09931
 223     22.2404144201561    -0.09930
 224     22.2404449472562     0.06033
 225     22.2404754743564    -0.04119
 226     22.2405060014566     0.05630
 227     22.2405365285568     0.05385
 228     22.2405670556570     0.04966
 229     22.2405975827571    -0.06568
 230     22.2406281098573     0.09842
 231     22.2406586369575    -0.17339
 232     22.2406891640577    -0.00707
 233     22.2407196911579     0.04666
 234     22.2407502182580    -0.25870
 235     22.2407807453582    -0.03881
 236     22.2408112724584     0.08774
 237     22.2408417995586    -0.02849
 238     22.2408723266588     0.00577
 239     22.2409028537589    -0.17756
 240     22.2409333808591     0.08604
 241     22.2409639079593    -0.12872
 242     22.2409944350595    -0.00321
 243     22.2410249621597    -0.07828
 244     22.2410554892598    -0.17024
 245     22.2410860163600     0.03449
 246     22.2411165434602     0.04664
 247     22.2411470705604    -0.03476
 248     22.2411775976606    -0.06713
 249     22.2412081247607    -0.00073
 250     22.2412386518609    -0.04502
 251     22.2412691789611    -0.00297
 252     22.2412997060613    -0.10459
 253     22.2413302331615    -0.11685
 254     22.2413607602616     0.13299
 255     22.2413912873618     0.02022
 256     22.2414218144620    -0.00786
 257     22.2414523415622     0.06470
 258     22.2414828686624     0.03231
 259     22.2415133957625     0.14031
 260     22.2415439228627     0.09579
 261     22.2415744499629    -0.10275
 262     22.2416049770631     0.13558
 263     22.2416355041633     0.10289
 264     22.2416660312634    -0.00562
 265     22.2416965583636    -0.01920
 266     22.2417270854638     0.17450
 267     22.2417576125640     0.20416
 268     22.2417881396641     0.00170
 269     22.2418186667643    -0.05087
 270     22.2418491938645     0.03322
 271     22.2418797209647     0.10556
 272     22.2419102480649     0.04959
 273     22.2419407751650     0.01421
 274     22.2419713022652    -0.13173
 275     22.2420018293654    -0.00380
 276     22.2420323564656     0.03291
 277     22.2420628835658    -0.02371
 278     22.2420934106659    -0.06536
 279     22.2421239377661     0.02458
 280     22.2421544648663     0.04590
 281     22.2421849919665    -0.21659
 282     22.2422155190667    -0.01996
 283     22.2422460461668     0.05525
 284     22.2422765732670     0.14520
 285     22.2423071003672    -0.02030
 286     22.2423376274674     0.08002
 287     22.2423681545676     0.14781
 288     22.2423986816677     0.12755
 289     22.2424292087679     0.07621
 290     22.2424597358681    -0.11228
 291     22.2424902629683     0.03988
 292     22.2425207900685     0.17146
 293     22.2425513171686     0.01540
 294     22.2425818442688     0.05527
 295     22.2426123713690     0.04229
 296     22.2426428984692     0.03098
 297     22.2426734255694     0.03319
 298     22.2427039526695    -0.11014
 299     22.2427344797697    -0.00873
 300     22.2427650068699    -0.07627
 301     22.2427955339701     0.01207
 302     22.2428260610703     0.02437
 303     22.2428565881704     0.10775
 304     22.2428871152706    -0.05062
 305     22.2429176423708    -0.00645
 306     22.2429481694710    -0.00820
 307     22.2429786965712     0.05076
 308     22.2430092236713    -0.16349
 309     22.2430397507715    -0.05338
 310     22.2430702778717    -0.10074
 311     22.2431008049719    -0.09184
 312     22.2431313320721     0.08208
 313     22.2431618591722     0.08141
 314     22.2431923862724     0.00178
 315     22.2432229133726    -0.03248
 316     22.2432534404728     0.00382
 317     22.2432839675730    -0.08044
 318     22.2433144946731    -0.01811
 319     22.2433450217733    -0.06981
 320     22.2433755488735    -0.00948
 321     22.2434060759737     0.02830
 322     22.2434366030739    -0.01299
 323     22.2434671301740    -0.09377
 324     22.2434976572742    -0.03883
 325     22.2435281843744     0.02372
 326     22.2435587114746    -0.19804
 327     22.2435892385747     0.02512
 328     22.2436197656749    -0.08719
 329     22.2436502927751    -0.09096
 330     22.2436808198753    -0.03084
 331     22.2437113469755    -0.07628
 332     22.2437418740756     0.09604
 333     22.2437724011758     0.05140
 334     22.2438029282760     0.06937
 335     22.2438334553762    -0.02293
 336     22.2438639824764    -0.01102
 337     22.2438945095766     0.02841
 338     22.2439250366767    -0.03451
 339     22.2439555637769     0.07192
 340     22.2439860908771    -0.02758
 341     22.2440166179773    -0.11046
 342     22.2440471450774    -0.10483
 343     22.2440776721776     0.00539
 344     22.2441081992778    -0.03442
 345     22.2441387263780    -0.08130
 346     22.2441692534782     0.13707
 347     22.2441997805783    -0.09962
 348     22.2442303076785    -0.01974
 349     22.2442608347787     0.05054
 350     22.2442913618789     0.00530
 351     22.2443218889791     0.02723
 352     22.2443524160792     0.07908
 353     22.2443829431794     0.09839
 354     22.2444134702796    -0.01717
 355     22.2444439973798     0.02790
 356     22.2444745244800    -0.04994
 357     22.2445050515801     0.12984
 358     22.2445355786803     0.14578
 359     22.2445661057805     0.45904
 360     22.2445966328807     0.30995
 361     22.2446271599809     0.32171
 362     22.2446576870810    -0.08923
 363     22.2446882141812    -0.04776
 364     22.2447187412814     0.08900
 365     22.2447492683816     0.01955
 366     22.2447797954818    -0.05834
 367     22.2448103225819     0.04731
 368     22.2448408496821     0.06913
 369     22.2448713767823     0.06916
 370     22.2449019038825    -0.01972
 371     22.2449324309827    -0.02508
 372     22.2449629580828     0.12300
 373     22.2449934851830    -0.04300
 374     22.2450240122832     0.04095
 375     22.2450545393834     0.01381
 376     22.2450850664836     0.05472
 377     22.2451155935837     0.00282
 378     22.2451461206839    -0.16425
 379     22.2451766477841     0.07710
 380     22.2452071748843     0.08627
 381     22.2452377019845    -0.08592
 382     22.2452682290846     0.07491
 383     22.2452987561848    -0.01401
 384     22.2453292832850     0.04864
 385     22.2453598103852    -0.20416
 386     22.2453903374854     0.09752
 387     22.2454208645855    -0.06411
 388     22.2454513916857     0.11960
 389     22.2454819187859     0.09686
 390     22.2455124458861    -0.07113
 391     22.2455429729863    -0.11153
 392     22.2455735000864    -0.06154
 393     22.2456040271866     0.05507
 394     22.2456345542868     0.13958
 395     22.2456650813870    -0.05387
 396     22.2456956084872     0.12258
 397     22.2457261355873     0.04139
 398     22.2457566626875    -0.11554
 399     22.2457871897877    -0.13855
 400     22.2458177168879     0.02312
 401     22.2458482439881    -0.06149
 402     22.2458787710882    -0.08561
 403     22.2459092981884     0.04567
 404     22.2459398252886     0.05563
 405     22.2459703523888     0.16095
 406     22.2460008794889    -0.03595
 407     22.2460314065891     0.25003
 408     22.2460619336893     0.06437
 409     22.2460924607895    -0.11161
 410     22.2461229878897    -0.14417
 411     22.2461535149898    -0.09606
 412     22.2461840420900     0.10861
 413     22.2462145691902    -0.01822
 414     22.2462450962904     0.14888
 415     22.2462756233906    -0.03382
 416     22.2463061504907    -0.03626
 417     22.2463366775909    -0.05523
 418     22.2463672046911     0.08251
 419     22.2463977317913    -0.06786
 420     22.2464282588915    -0.14445
 421     22.2464587859916    -0.00156
 422     22.2464893130918    -0.01371
 423     22.2465198401920    -0.00251
 424     22.2465503672922    -0.05019
 425     22.2465808943924     0.07730
 426     22.2466114214925     0.02918
 427     22.2466419485927    -0.01310
 428     22.2466724756929    -0.05472
 429     22.2467030027931     0.04869
 430     22.2467335298933    -0.07971
 431     22.2467640569934     0.07506
 432     22.2467945840936    -0.00486
 433     22.2468251111938    -0.08433
 434     22.2468556382940     0.01899
 435     22.2468861653942     0.02869
 436     22.2469166924943     0.11072
 437     22.2469472195945     0.00015
 438     22.2469777466947    -0.04093
 439     22.2470082737949    -0.09623
 440     22.2470388008951    -0.10978
 441     22.2470693279952     0.21383
 442     22.2470998550954     0.16676
 443     22.2471303821956    -0.02406
 444     22.2471609092958     0.01865
 445     22.2471914363960     0.01645
 446     22.2472219634961     0.02812
 447     22.2472524905963    -0.07012
 448     22.2472830176965     0.07009
 449     22.2473135447967    -0.02666
 450     22.2473440718969    -0.25427
 451     22.2473745989970    -0.20063
 452     22.2474051260972     0.01129
 453     22.2474356531974     0.06053
 454     22.2474661802976     0.09821
 455     22.2474967073978     0.27717
 456     22.2475272344979     0.07356
 457     22.2475577615981    -0.00690
 458     22.2475882886983    -0.08827
 459     22.2476188157985    -0.04376
 460     22.2476493428987    -0.05526
 461     22.2476798699988    -0.03234
 462     22.2477103970990     0.23909
 463     22.2477409241992    -0.12284
 464     22.2477714512994     0.05676
 465     22.2478019783996    -0.00363
 466     22.2478325054997    -0.00283
 467     22.2478630325999     0.09814
 468     22.2478935597001     0.00242
 469     22.2479240868003    -0.00599
 470     22.2479546139005     0.01472
 471     22.2479851410006    -0.12974
 472     22.2480156681008     0.09228
 473     22.2480461952010    -0.04840
 474     22.2480767223012    -0.02127
 475     22.2481072494014    -0.02315
 476     22.2481377765015    -0.01606
 477     22.2481683036017    -0.00135
 478     22.2481988307019     0.03289
 479     22.2482293578021    -0.13159
 480     22.2482598849022    -0.15019
 481     22.2482904120024     0.01258
 482     22.2483209391026     0.06300
 483     22.2483514662028    -0.01394
 484     22.2483819933030     0.04590
 485     22.2484125204031     0.06489
 486     22.2484430475033     0.17237
 487     22.2484735746035     0.04878
 488     22.2485041017037    -0.07357
 489     22.2485346288039    -0.07088
 490     22.2485651559040     0.08179
 491     22.2485956830042    -0.06709
 492     22.2486262101044    -0.21874
 493     22.2486567372046    -0.02564
 494     22.2486872643048     0.17512
 495     22.2487177914049    -0.00180
 496     22.2487483185051    -0.03402
 497     22.2487788456053    -0.07659
 498     22.2488093727055     0.03494
 499     22.2488398998057    -0.06607
 500     22.2488704269058    -0.08440
 501     22.2489009540060    -0.11011
 502     22.2489314811062     0.09642
 503     22.2489620082064    -0.09384
 504     22.2489925353066    -0.05569
 505     22.2490230624067     0.09533
 506     22.2490535895069    -0.04000
 507     22.2490841166071    -0.03515
 508     22.2491146437073    -0.00420
 509     22.2491451708075    -0.01220
 510     22.2491756979076     0.08846
 511     22.2492062250078    -0.19692
 512     22.2492367521080     0.04803
 513     22.2492672792082     0.02029
 514     22.2492978063084     0.09702
 515     22.2493283334085    -0.03010
 516     22.2493588605087    -0.08036
 517     22.2493893876089    -0.12892
 518     22.2494199147091    -0.08860
 519     22.2494504418093    -0.03885
 520     22.2494809689094     0.09386
 521     22.2495114960096    -0.05719
 522     22.2495420231098    -0.08328
 523     22.2495725502100     0.05346
 524     22.2496030773102     0.05797
 525     22.2496336044103     0.04196
 526     22.2496641315105     0.11438
 527     22.2496946586107     0.15803
 528     22.2497251857109     0.05058
 529     22.2497557128111    -0.08374
 530     22.2497862399112    -0.04568
 531     22.2498167670114    -0.04394
 532     22.2498472941116    -0.12138
 533     22.2498778212118     0.03157
 534     22.2499083483120     0.03527
 535     22.2499388754121     0.07461
 536     22.2499694025123    -0.04225
 537     22.2499999296125     0.00829
 538     22.2500304567127    -0.09940
 539     22.2500609838129    -0.00916
 540     22.2500915109130    -0.07976
 541     22.2501220380132    -0.03205
 542     22.2501525651134     0.11072
 543     22.2501830922136     0.12403
 544     22.2502136193137     0.05758
 545     22.2502441464139    -0.13380
 546     22.2502746735141    -0.03937
 547     22.2503052006143     0.00136
 548     22.2503357277145    -0.05818
 549     22.2503662548147     0.03485
 550     22.2503967819148     0.17629
 551     22.2504273090150    -0.00745
 552     22.2504578361152     0.13483
 553     22.2504883632154    -0.06819
 554     22.2505188903156     0.04497
 555     22.2505494174157    -0.09911
 556     22.2505799445159    -0.03862
 557     22.2506104716161     0.01038
 558     22.2506409987163    -0.00485
 559     22.2506715258164    -0.10582
 560     22.2507020529166     0.16320
 561     22.2507325800168     0.11452
 562     22.2507631071170     0.02829
 563     22.2507936342172    -0.09972
 564     22.2508241613173     0.09334
 565     22.2508546884175    -0.05531
 566     22.2508852155177     0.07990
 567     22.2509157426179    -0.04786
 568     22.2509462697181     0.07677
 569     22.2509767968182     0.09315
 570     22.2510073239184     0.17898
 571     22.2510378510186    -0.06007
 572     22.2510683781188     0.04540
 573     22.2510989052190    -0.08483
 574     22.2511294323191     0.04858
 575     22.2511599594193     0.17524
 576     22.2511904865195     0.02600
 577     22.2512210136197    -0.01474
 578     22.2512515407199    -0.10070
 579     22.2512820678200    -0.00918
 580     22.2513125949202     0.01256
 581     22.2513431220204     0.02435
 582     22.2513736491206     0.05438
 583     22.2514041762208    -0.11448
 584     22.2514347033209     0.01868
 585     22.2514652304211     0.00385
 586     22.2514957575213    -0.20798
 587     22.2515262846215    -0.09810
 588     22.2515568117217     0.13795
 589     22.2515873388218    -0.04150
 590     22.2516178659220     0.02018
 591     22.2516483930222    -0.03283
 592     22.2516789201224     0.05284
 593     22.2517094472226     0.09714
 594     22.2517399743227     0.13333
 595     22.2517705014229    -0.05343
 596     22.2518010285231     0.17532
 597     22.2518315556233    -0.00395
 598     22.2518620827235    -0.08631
 599     22.2518926098236    -0.20224
 600     22.2519231369238     0.05095
 601     22.2519536640240    -0.05644
 602     22.2519841911242    -0.00050
 603     22.2520147182244    -0.16544
 604     22.2520452453245     0.08808
 605     22.2520757724247    -0.00547
 606     22.2521062995249    -0.01087
 607     22.2521368266251    -0.05826
 608     22.2521673537253     0.04426
 609     22.2521978808254    -0.10121
 610     22.2522284079256    -0.06727
 611     22.2522589350258     0.13077
 612     22.2522894621260     0.08242
 613     22.2523199892261     0.04370
 614     22.2523505163263    -0.05396
 615     22.2523810434265     0.06950
 616     22.2524115705267     0.10137
 617     22.2524420976269     0.08589
 618     22.2524726247270    -0.02406
 619     22.2525031518272     0.04870
 620     22.2525336789274     0.00759
 621     22.2525642060276     0.16761
 622     22.2525947331278    -0.14367
 623     22.2526252602279     0.06104
 624     22.2526557873281     0.04986
 625     22.2526863144283     0.00253
 626     22.2527168415285     0.01470
 627     22.2527473686287     0.01609
 628     22.2527778957288     0.08658
 629     22.2528084228290     0.02437
 630     22.2528389499292     0.04826
 631     22.2528694770294    -0.12680
 632     22.2529000041296    -0.00537
 633     22.2529305312297     0.04414
 634     22.2529610583299     0.00878
 635     22.2529915854301     0.00738
 636     22.2530221125303    -0.12724
 637     22.2530526396305    -0.01486
 638     22.2530831667306     0.04039
 639     22.2531136938308     0.03160
 640     22.2531442209310    -0.02628
 641     22.2531747480312     0.05501
 642     22.2532052751314    -0.14879
 643     22.2532358022315    -0.10392
 644     22.2532663293317    -0.01349
 645     22.2532968564319     0.00568
 646     22.2533273835321    -0.10621
 647     22.2533579106323     0.03626
 648     22.2533884377324    -0.00630
 649     22.2534189648326    -0.00814
 650     22.2534494919328    -0.00914
 651     22.2534800190330    -0.10662
 652     22.2535105461332    -0.00279
 653     22.2535410732333    -0.18807
 654     22.2535716003335     0.01657
 655     22.2536021274337    -0.03112
 656     22.2536326545339     0.05130
 657     22.2536631816341     0.02612
 658     22.2536937087342    -0.04700
 659     22.2537242358344     0.01677
 660     22.2537547629346    -0.08347
 661     22.2537852900348     0.13225
 662     22.2538158171350     0.06799
 663     22.2538463442351    -0.02670
 664     22.2538768713353    -0.09010
 665     22.2539073984355    -0.13636
 666     22.2539379255357    -0.05677
 667     22.2539684526359    -0.10021
 668     22.2539989797360     0.00923
 669     22.2540295068362     0.10346
 670     22.2540600339364     0.05093
 671     22.2540905610366    -0.12953
 672     22.2541210881368     0.15114
 673     22.2541516152369    -0.03016
 674     22.2541821423371     0.06073
 675     22.2542126694373     0.15494
 676     22.2542431965375     0.04169
 677     22.2542737236377     0.05185
 678     22.2543042507378    -0.14813
 679     22.2543347778380     0.10766
 680     22.2543653049382    -0.07505
 681     22.2543958320384     0.11267
 682     22.2544263591386    -0.00820
 683     22.2544568862387    -0.01451
 684     22.2544874133389     0.02021
 685     22.2545179404391     0.14004
 686     22.2545484675393     0.04413
 687     22.2545789946394     0.04072
 688     22.2546095217396    -0.00777
 689     22.2546400488398    -0.04286
 690     22.2546705759400    -0.04072
 691     22.2547011030402     0.12615
 692     22.2547316301403     0.03209
 693     22.2547621572405    -0.01561
 694     22.2547926843407     0.08429
 695     22.2548232114409     0.13043
 696     22.2548537385411    -0.05819
 697     22.2548842656412     0.01022
 698     22.2549147927414     0.07587
 699     22.2549453198416     0.01511
 700     22.2549758469418    -0.02457
 701     22.2550063740420     0.10421
 702     22.2550369011421     0.04900
 703     22.2550674282423     0.21772
 704     22.2550979553425     0.03536
 705     22.2551284824427     0.00454
 706     22.2551590095429     0.18281
 707     22.2551895366430    -0.08296
 708     22.2552200637432     0.04977
 709     22.2552505908434     0.01380
 710     22.2552811179436    -0.11873
 711     22.2553116450438    -0.03450
 712     22.2553421721439     0.02662
 713     22.2553726992441    -0.12951
 714     22.2554032263443    -0.03812
 715     22.2554337534445    -0.04252
 716     22.2554642805447     0.12392
 717     22.2554948076448    -0.08103
 718     22.2555253347450    -0.15427
 719     22.2555558618452     0.03285
 720     22.2555863889454    -0.05591
 721     22.2556169160456    -0.03372
 722     22.2556474431457    -0.00608
 723     22.2556779702459    -0.03901
 724     22.2557084973461    -0.11493
 725     22.2557390244463    -0.04621
 726     22.2557695515465    -0.01952
 727     22.2558000786466     0.01885
 728     22.2558306057468    -0.03196
 729     22.2558611328470     0.08236
 730     22.2558916599472     0.00816
 731     22.2559221870474    -0.17013
 732     22.2559527141475     0.12971
 733     22.2559832412477     0.16634
 734     22.2560137683479     0.02727
 735     22.2560442954481     0.06667
 736     22.2560748225483    -0.06408
 737     22.2561053496484     0.04412
 738     22.2561358767486     0.05245
 739     22.2561664038488    -0.06511
 740     22.2561969309490     0.05273
 741     22.2562274580491     0.07656
 742     22.2562579851493     0.05278
 743     22.2562885122495    -0.15285
 744     22.2563190393497    -0.17005
 745     22.2563495664499     0.09159
 746     22.2563800935500    -0.04940
 747     22.2564106206502     0.12234
 748     22.2564411477504     0.14266
 749     22.2564716748506    -0.00248
 750     22.2565022019508    -0.01130
 751     22.2565327290509     0.01543
 752     22.2565632561511     0.10098
 753     22.2565937832513    -0.09823
 754     22.2566243103515     0.16116
 755     22.2566548374517    -0.13459
 756     22.2566853645518     0.04436
 757     22.2567158916520    -0.08891
 758     22.2567464187522    -0.11883
 759     22.2567769458524     0.00563
 760     22.2568074729526    -0.08225
 761     22.2568380000527     0.04259
 762     22.2568685271529    -0.04486
 763     22.2568990542531    -0.01684
 764     22.2569295813533    -0.15622
 765     22.2569601084535    -0.00872
 766     22.2569906355536    -0.03395
 767     22.2570211626538    -0.08618
 768     22.2570516897540     0.01429
 769     22.2570822168542    -0.03993
 770     22.2571127439544     0.00825
 771     22.2571432710545     0.04426
 772     22.2571737981547     0.17475
 773     22.2572043252549     0.05444
 774     22.2572348523551    -0.04401
 775     22.2572653794553     0.05631
 776     22.2572959065554     0.08957
 777     22.2573264336556    -0.02290
 778     22.2573569607558     0.00223
 779     22.2573874878560    -0.01175
 780     22.2574180149562     0.07606
 781     22.2574485420563     0.03505
 782     22.2574790691565     0.03216
 783     22.2575095962567    -0.06871
 784     22.2575401233569    -0.05798
 785     22.2575706504571    -0.02054
 786     22.2576011775572     0.04272
 787     22.2576317046574     0.03572
 788     22.2576622317576    -0.07734
 789     22.2576927588578    -0.10894
 790     22.2577232859580     0.11563
 791     22.2577538130581    -0.01541
 792     22.2577843401583    -0.01208
 793     22.2578148672585    -0.06907
 794     22.2578453943587    -0.09830
 795     22.2578759214589    -0.01014
 796     22.2579064485590     0.00712
 797     22.2579369756592     0.11688
 798     22.2579675027594    -0.03233
 799     22.2579980298596    -0.10950
 800     22.2580285569598    -0.07145
 801     22.2580590840599     0.14652
 802     22.2580896111601    -0.01751
 803     22.2581201382603     0.08736
 804     22.2581506653605    -0.10782
 805     22.2581811924607    -0.07789
 806     22.2582117195608     0.25785
 807     22.2582422466610     0.13915
 808     22.2582727737612    -0.09027
 809     22.2583033008614    -0.02761
 810     22.2583338279616     0.19823
 811     22.2583643550617     0.12164
 812     22.2583948821619    -0.03858
 813     22.2584254092621    -0.16219
 814     22.2584559363623     0.01704
 815     22.2584864634625    -0.00380
 816     22.2585169905626    -0.09037
 817     22.2585475176628     0.10670
 818     22.2585780447630     0.10945
 819     22.2586085718632     0.02474
 820     22.2586390989634    -0.07584
 821     22.2586696260635     0.02244
 822     22.2587001531637     0.11398
 823     22.2587306802639    -0.17712
 824     22.2587612073641    -0.05080
 825     22.2587917344642    -0.09315
 826     22.2588222615644    -0.05473
 827     22.2588527886646    -0.01786
 828     22.2588833157648    -0.12589
 829     22.2589138428650    -0.05077
 830     22.2589443699651    -0.12333
 831     22.2589748970653     0.02797
 832     22.2590054241655    -0.11557
 833     22.2590359512657     0.15078
 834     22.2590664783659    -0.05574
 835     22.2590970054660    -0.00812
 836     22.2591275325662    -0.03391
 837     22.2591580596664    -0.04353
 838     22.2591885867666     0.10643
 839     22.2592191138668     0.06285
 840     22.2592496409669     0.08868
 841     22.2592801680671    -0.05561
 842     22.2593106951673    -0.10909
 843     22.2593412222675     0.05082
 844     22.2593717493677     0.00114
 845     22.2594022764678    -0.06497
 846     22.2594328035680    -0.04889
 847     22.2594633306682     0.02431
 848     22.2594938577684     0.09180
 849     22.2595243848686     0.06182
 850     22.2595549119687    -0.00302
 851     22.2595854390689    -0.00299
 852     22.2596159661691     0.10617
 853     22.2596464932693     0.02310
 854     22.2596770203695    -0.00419
 855     22.2597075474696     0.00390
 856     22.2597380745698     0.07933
 857     22.2597686016700    -0.02446
 858     22.2597991287702     0.01324
 859     22.2598296558704    -0.04644
 860     22.2598601829705    -0.10552
 861     22.2598907100707    -0.00710
 862     22.2599212371709    -0.11697
 863     22.2599517642711     0.00370
 864     22.2599822913713    -0.02594
 865     22.2600128184714    -0.08653
 866     22.2600433455716     0.07656
 867     22.2600738726718     0.22815
 868     22.2601043997720     0.04644
 869     22.2601349268722    -0.02648
 870     22.2601654539723    -0.09033
 871     22.2601959810725     0.10221
 872     22.2602265081727    -0.09753
 873     22.2602570352729     0.12384
 874     22.2602875623731     0.03417
 875     22.2603180894732    -0.08229
 876     22.2603486165734    -0.22961
 877     22.2603791436736    -0.04726
 878     22.2604096707738    -0.01915
 879     22.2604401978740    -0.12658
 880     22.2604707249741    -0.13817
 881     22.2605012520743    -0.11722
 882     22.2605317791745    -0.05461
 883     22.2605623062747    -0.00183
 884     22.2605928333748    -0.04947
 885     22.2606233604750    -0.10301
 886     22.2606538875752     0.09103
 887     22.2606844146754    -0.04447
 888     22.2607149417756    -0.00892
 889     22.2607454688758     0.15839
 890     22.2607759959759    -0.04507
 891     22.2608065230761    -0.14361
 892     22.2608370501763    -0.07203
 893     22.2608675772765     0.05249
 894     22.2608981043766    -0.19906
 895     22.2609286314768    -0.00545
 896     22.2609591585770     0.01462
 897     22.2609896856772    -0.02430
 898     22.2610202127774    -0.06446
 899     22.2610507398775    -0.09670
 900     22.2610812669777     0.12502
 901     22.2611117940779    -0.00419
 902     22.2611423211781     0.19624
 903     22.2611728482783    -0.15646
 904     22.2612033753784     0.01510
 905     22.2612339024786    -0.05286
 906     22.2612644295788     0.07518
 907     22.2612949566790     0.11843
 908     22.2613254837792     0.15058
 909     22.2613560108793     0.04523
 910     22.2613865379795    -0.00297
 911     22.2614170650797     0.04363
 912     22.2614475921799     0.08140
 913     22.2614781192801    -0.04268
 914     22.2615086463802     0.02837
 915     22.2615391734804     0.02382
 916     22.2615697005806    -0.17531
 917     22.2616002276808     0.10044
 918     22.2616307547810    -0.13782
 919     22.2616612818811    -0.09734
 920     22.2616918089813    -0.07154
 921     22.2617223360815     0.05682
 922     22.2617528631817    -0.04845
 923     22.2617833902819    -0.03782
 924     22.2618139173820     0.12682
 925     22.2618444444822    -0.05692
 926     22.2618749715824     0.05980
 927     22.2619054986826     0.00429
 928     22.2619360257828     0.10082
 929     22.2619665528829     0.03634
 930     22.2619970799831     0.03132
 931     22.2620276070833     0.05425
 932     22.2620581341835     0.13296
 933     22.2620886612837    -0.05245
 934     22.2621191883838     0.01176
 935     22.2621497154840    -0.00804
 936     22.2621802425842     0.01023
 937     22.2622107696844    -0.07322
 938     22.2622412967846     0.05133
 939     22.2622718238847    -0.05008
 940     22.2623023509849     0.00841
 941     22.2623328780851    -0.04018
 942     22.2623634051853     0.01423
 943     22.2623939322855    -0.06001
 944     22.2624244593856     0.18231
 945     22.2624549864858     0.06766
 946     22.2624855135860     0.02105
 947     22.2625160406862     0.08758
 948     22.2625465677864    -0.05778
 949     22.2625770948865    -0.09540
 950     22.2626076219867     0.06659
 951     22.2626381490869     0.09626
 952     22.2626686761871     0.04355
 953     22.2626992032873    -0.08883
 954     22.2627297303874    -0.02730
 955     22.2627602574876    -0.04342
 956     22.2627907845878    -0.00257
 957     22.2628213116880    -0.16357
 958     22.2628518387881    -0.03717
 959     22.2628823658883    -0.06958
 960     22.2629128929885     0.05054
 961     22.2629434200887     0.07752
 962     22.2629739471889    -0.11382
 963     22.2630044742890    -0.00584
 964     22.2630350013892    -0.09434
 965     22.2630655284894    -0.01425
 966     22.2630960555896     0.01468
 967     22.2631265826898     0.00961
 968     22.2631571097899    -0.04179
 969     22.2631876368901     0.03728
 970     22.2632181639903    -0.04717
 971     22.2632486910905     0.14846
 972     22.2632792181907    -0.02261
 973     22.2633097452908     0.01424
 974     22.2633402723910    -0.08391
 975     22.2633707994912     0.00595
 976     22.2634013265914     0.04998
 977     22.2634318536916     0.11670
 978     22.2634623807917    -0.02677
 979     22.2634929078919    -0.01798
 980     22.2635234349921     0.00057
 981     22.2635539620923     0.09985
 982     22.2635844891925    -0.14452
 983     22.2636150162926     0.06995
 984     22.2636455433928    -0.11789
 985     22.2636760704930     0.02158
 986     22.2637065975932     0.14428
 987     22.2637371246934     0.00173
 988     22.2637676517935    -0.04637
 989     22.2637981788937     0.05006
 990     22.2638287059939     0.04534
 991     22.2638592330941     0.07600
 992     22.2638897601943     0.18193
 993     22.2639202872944    -0.00672
 994     22.2639508143946    -0.02065
 995     22.2639813414948    -0.13309
 996     22.2640118685950    -0.03091
 997     22.2640423956952    -0.04078
 998     22.2640729227953     0.08571
 999     22.2641034498955    -0.00981
1000     22.2641339769957    -0.02659
1001     22.2641645040959    -0.05659
1002     22.2641950311961    -0.03967
1003     22.2642255582962     0.19795
1004     22.2642560853964     0.08199
1005     22.2642866124966     0.01972
1006     22.2643171395968    -0.03460
1007     22.2643476666970     0.01902
1008     22.2643781937971     0.02251
1009     22.2644087208973     0.01534
1010     22.2644392479975     0.08045
1011     22.2644697750977    -0.05891
1012     22.2645003021979     0.09770
1013     22.2645308292980    -0.06868
1014     22.2645613563982    -0.18000
1015     22.2645918834984     0.07617
1016     22.2646224105986     0.05891
1017     22.2646529376988    -0.02714
1018     22.2646834647989     0.04863
1019     22.2647139918991     0.04076
1020     22.2647445189993     0.08961
1021     22.2647750460995    -0.03211
1022     22.2648055731997     0.06597
1023     22.2648361002998    -0.06078
1024     22.2648666274000    -0.04942
1025     22.2648971545002    -0.09321
1026     22.2649276816004     0.00901
1027     22.2649582087005     0.07533
1028     22.2649887358007     0.14190
1029     22.2650192629009    -0.04670
1030     22.2650497900011     0.06538
1031     22.2650803171013     0.05915
1032     22.2651108442014    -0.05133
1033     22.2651413713016     0.02267
1034     22.2651718984018     0.07574
1035     22.2652024255020     0.11839
1036     22.2652329526022     0.00452
1037     22.2652634797023    -0.01679
1038     22.2652940068025     0.11924
1039     22.2653245339027     0.05155
1040     22.2653550610029     0.01768
1041     22.2653855881031    -0.22266
1042     22.2654161152032    -0.18800
1043     22.2654466423034     0.11147
1044     22.2654771694036    -0.14588
1045     22.2655076965038     0.09975
1046     22.2655382236040     0.03988
1047     22.2655687507041    -0.04112
1048     22.2655992778043    -0.04166
1049     22.2656298049045     0.00771
1050     22.2656603320047    -0.03321
1051     22.2656908591049     0.03127
1052     22.2657213862050    -0.12125
1053     22.2657519133052     0.09829
1054     22.2657824404054    -0.08736
1055     22.2658129675056    -0.03116
1056     22.2658434946058     0.02154
1057     22.2658740217059    -0.07261
1058     22.2659045488061     0.05561
1059     22.2659350759063     0.00800
1060     22.2659656030065     0.10107
1061     22.2659961301067    -0.10997
1062     22.2660266572068    -0.03159
1063     22.2660571843070    -0.08781
1064     22.2660877114072    -0.11950
1065     22.2661182385074    -0.08957
1066     22.2661487656076    -0.14677
1067     22.2661792927077    -0.10784
1068     22.2662098198079     0.07942
1069     22.2662403469081    -0.00107
1070     22.2662708740083     0.07116
1071     22.2663014011085     0.11647
1072     22.2663319282086    -0.06671
1073     22.2663624553088    -0.05155
1074     22.2663929824090    -0.02363
1075     22.2664235095092    -0.08840
1076     22.2664540366094    -0.04875
1077     22.2664845637095     0.13326
1078     22.2665150908097     0.09359
1079     22.2665456179099     0.01429
1080     22.2665761450101    -0.05136
1081     22.2666066721103    -0.00620
1082     22.2666371992104     0.00552
1083     22.2666677263106     0.00231
1084     22.2666982534108    -0.03473
1085     22.2667287805110     0.04773
1086     22.2667593076111    -0.06379
1087     22.2667898347113     0.07518
1088     22.2668203618115     0.01281
1089     22.2668508889117     0.08179
1090     22.2668814160119     0.17339
1091     22.2669119431120     0.04099
1092     22.2669424702122    -0.10579
1093     22.2669729973124     0.08665
1094     22.2670035244126     0.02157
1095     22.2670340515128    -0.09592
1096     22.2670645786129     0.10162
1097     22.2670951057131     0.05278
1098     22.2671256328133    -0.14404
1099     22.2671561599135     0.02127
1100     22.2671866870137     0.07713
1101     22.2672172141138    -0.13988
1102     22.2672477412140     0.03283
1103     22.2672782683142     0.02926
1104     22.2673087954144    -0.09556
1105     22.2673393225146    -0.11265
1106     22.2673698496147    -0.00933
1107     22.2674003767149    -0.01662
1108     22.2674309038151     0.08901
1109     22.2674614309153    -0.16380
1110     22.2674919580155    -0.00969
1111     22.2675224851156    -0.14270
1112     22.2675530122158     0.03904
1113     22.2675835393160     0.04565
1114     22.2676140664162     0.06186
1115     22.2676445935164    -0.01602
1116     22.2676751206165     0.12476
1117     22.2677056477167     0.04481
1118     22.2677361748169    -0.15353
1119     22.2677667019171    -0.08169
1120     22.2677972290173    -0.00703
1121     22.2678277561174    -0.19377
1122     22.2678582832176     0.10605
1123     22.2678888103178     0.04802
1124     22.2679193374180    -0.14538
1125     22.2679498645182    -0.09388
1126     22.2679803916183    -0.11909
1127     22.2680109187185    -0.06648
1128     22.2680414458187     0.13024
1129     22.2680719729189     0.05644
1130     22.2681025000191    -0.10851
1131     22.2681330271192     0.03587
1132     22.2681635542194    -0.02226
1133     22.2681940813196    -0.09739
1134     22.2682246084198     0.15056
1135     22.2682551355200    -0.00370
1136     22.2682856626201    -0.08044
1137     22.2683161897203     0.02171
1138     22.2683467168205    -0.08327
1139     22.2683772439207    -0.07586
1140     22.2684077710209    -0.00920
1141     22.2684382981210     0.02346
1142     22.2684688252212     0.16612
1143     22.2684993523214    -0.03228
1144     22.2685298794216     0.13460
1145     22.2685604065218    -0.12957
1146     22.2685909336219    -0.03846
1147     22.2686214607221     0.02963
1148     22.2686519878223     0.01176
1149     22.2686825149225     0.05574
1150     22.2687130420227     0.05316
1151     22.2687435691228     0.01927
1152     22.2687740962230     0.06326
1153     22.2688046233232    -0.00686
1154     22.2688351504234    -0.02262
1155     22.2688656775236    -0.09854
1156     22.2688962046237    -0.04085
1157     22.2689267317239     0.10990
1158     22.2689572588241     0.02166
1159     22.2689877859243    -0.01154
1160     22.2690183130245     0.00697
1161     22.2690488401246     0.07478
1162     22.2690793672248     0.04766
1163     22.2691098943250     0.13478
1164     22.2691404214252    -0.06385
1165     22.2691709485253    -0.01684
1166     22.2692014756255    -0.02585
1167     22.2692320027257    -0.05123
1168     22.2692625298259    -0.02985
1169     22.2692930569261    -0.04397
1170     22.2693235840262    -0.12807
1171     22.2693541111264     0.12492
1172     22.2693846382266     0.08113
1173     22.2694151653268    -0.01087
1174     22.2694456924270    -0.04876
1175     22.2694762195271    -0.21261
1176     22.2695067466273     0.07479
1177     22.2695372737275     0.19402
1178     22.2695678008277     0.14825
1179     22.2695983279279     0.01260
1180     22.2696288550280     0.09554
1181     22.2696593821282     0.01242
1182     22.2696899092284    -0.04819
1183     22.2697204363286    -0.06423
1184     22.2697509634288     0.03216
1185     22.2697814905289    -0.04448
1186     22.2698120176291    -0.06832
1187     22.2698425447293    -0.03476
1188     22.2698730718295     0.01095
1189     22.2699035989297    -0.03054
1190     22.2699341260298     0.09640
1191     22.2699646531300    -0.00547
1192     22.2699951802302     0.08313
1193     22.2700257073304    -0.00127
1194     22.2700562344306    -0.03168
1195     22.2700867615307    -0.12441
1196     22.2701172886309    -0.00385
1197     22.2701478157311     0.15747
1198     22.2701783428313    -0.00527
1199     22.2702088699315     0.02556
1200     22.2702393970316     0.03566
1201     22.2702699241318    -0.03565
1202     22.2703004512320    -0.09787
1203     22.2703309783322    -0.11919
1204     22.2703615054324     0.01846
1205     22.2703920325325     0.01915
1206     22.2704225596327    -0.08752
1207     22.2704530867329     0.02920
1208     22.2704836138331    -0.00981
1209     22.2705141409333     0.11176
1210     22.2705446680334    -0.00924
1211     22.2705751951336     0.08011
1212     22.2706057222338     0.03462
1213     22.2706362493340     0.04295
1214     22.2706667764342    -0.01599
1215     22.2706973035343    -0.01021
1216     22.2707278306345    -0.20399
1217     22.2707583577347    -0.09893
1218     22.2707888848349    -0.07467
1219     22.2708194119351    -0.00907
1220     22.2708499390352    -0.03494
1221     22.2708804661354     0.07550
1222     22.2709109932356    -0.23099
1223     22.2709415203358     0.06900
1224     22.2709720474360     0.03868
1225     22.2710025745361    -0.04672
1226     22.2710331016363     0.00760
1227     22.2710636287365     0.02369
1228     22.2710941558367    -0.03119
1229     22.2711246829369     0.07905
1230     22.2711552100370    -0.03255
1231     22.2711857371372    -0.03330
1232     22.2712162642374    -0.16264
1233     22.2712467913376     0.05605
1234     22.2712773184378     0.05771
1235     22.2713078455379    -0.00692
1236     22.2713383726381    -0.02385
1237     22.2713688997383     0.04791
1238     22.2713994268385    -0.08159
1239     22.2714299539386     0.11063
1240     22.2714604810388     0.11420
1241     22.2714910081390     0.07501
1242     22.2715215352392    -0.05357
1243     22.2715520623394     0.00185
1244     22.2715825894395    -0.02199
1245     22.2716131165397     0.10329
1246     22.2716436436399    -0.00281
1247     22.2716741707401    -0.05090
1248     22.2717046978403    -0.09857
1249     22.2717352249404    -0.02365
1250     22.2717657520406    -0.05326
1251     22.2717962791408     0.13472
1252     22.2718268062410     0.00282
1253     22.2718573333412     0.04134
1254     22.2718878604413     0.02868
1255     22.2719183875415     0.05813
1256     22.2719489146417     0.02108
1257     22.2719794417419     0.01478
1258     22.2720099688421    -0.00227
1259     22.2720404959422    -0.07006
1260     22.2720710230424     0.15962
1261     22.2721015501426     0.08179
1262     22.2721320772428     0.15811
1263     22.2721626043430     0.10898
1264     22.2721931314431    -0.06997
1265     22.2722236585433    -0.07078
1266     22.2722541856435     0.07323
1267     22.2722847127437     0.02125
1268     22.2723152398439     0.13504
1269     22.2723457669440     0.04363
1270     22.2723762940442     0.03959
1271     22.2724068211444    -0.07941
1272     22.2724373482446    -0.05817
1273     22.2724678753448    -0.06009
1274     22.2724984024449     0.06342
1275     22.2725289295451    -0.03832
1276     22.2725594566453    -0.03440
1277     22.2725899837455    -0.01158
1278     22.2726205108457    -0.10319
1279     22.2726510379458     0.15186
1280     22.2726815650460     0.05311
1281     22.2727120921462    -0.05277
1282     22.2727426192464    -0.00050
1283     22.2727731463466    -0.01136
1284     22.2728036734467     0.02264
1285     22.2728342005469     0.05577
1286     22.2728647276471     0.02881
1287     22.2728952547473    -0.08774
1288     22.2729257818475    -0.01519
1289     22.2729563089476     0.14466
1290     22.2729868360478     0.09794
1291     22.2730173631480     0.09336
1292     22.2730478902482    -0.08952
1293     22.2730784173484     0.09656
1294     22.2731089444485     0.15245
1295     22.2731394715487    -0.13137
1296     22.2731699986489     0.15434
1297     22.2732005257491    -0.03093
1298     22.2732310528493     0.07017
1299     22.2732615799494     0.07828
1300     22.2732921070496     0.06754
1301     22.2733226341498    -0.06005
1302     22.2733531612500     0.00665
1303     22.2733836883502     0.12074
1304     22.2734142154503    -0.02969
1305     22.2734447425505    -0.11944
1306     22.2734752696507    -0.03838
1307     22.2735057967509     0.07536
1308     22.2735363238510     0.14126
1309     22.2735668509512    -0.01551
1310     22.2735973780514    -0.05031
1311     22.2736279051516     0.01403
1312     22.2736584322518    -0.06154
1313     22.2736889593520     0.06634
1314     22.2737194864521    -0.05145
1315     22.2737500135523    -0.06116
1316     22.2737805406525     0.03059
1317     22.2738110677527    -0.05613
1318     22.2738415948528    -0.05997
1319     22.2738721219530     0.13339
1320     22.2739026490532    -0.16856
1321     22.2739331761534     0.07508
1322     22.2739637032536    -0.07933
1323     22.2739942303537     0.20275
1324     22.2740247574539     0.09477
1325     22.2740552845541    -0.01012
1326     22.2740858116543     0.04145
1327     22.2741163387545     0.01205
1328     22.2741468658546     0.03140
1329     22.2741773929548     0.04328
1330     22.2742079200550    -0.02698
1331     22.2742384471552     0.01935
1332     22.2742689742554     0.00505
1333     22.2742995013555    -0.15550
1334     22.2743300284557    -0.06055
1335     22.2743605555559    -0.01455
1336     22.2743910826561    -0.06498
1337     22.2744216097563    -0.07305
1338     22.2744521368564     0.08705
1339     22.2744826639566     0.01403
1340     22.2745131910568    -0.11077
1341     22.2745437181570    -0.01974
1342     22.2745742452572     0.02659
1343     22.2746047723573    -0.04368
1344     22.2746352994575    -0.19125
1345     22.2746658265577    -0.04122
1346     22.2746963536579     0.09270
1347     22.2747268807581    -0.12417
1348     22.2747574078582     0.01186
1349     22.2747879349584    -0.04664
1350     22.2748184620586    -0.04604
1351     22.2748489891588    -0.11617
1352     22.2748795162590     0.09751
1353     22.2749100433591     0.05806
1354     22.2749405704593    -0.01326
1355     22.2749710975595     0.00677
1356     22.2750016246597    -0.05168
1357     22.2750321517599     0.09362
1358     22.2750626788600    -0.02211
1359     22.2750932059602     0.03445
1360     22.2751237330604    -0.11256
1361     22.2751542601606    -0.03931
1362     22.2751847872608    -0.06492
1363     22.2752153143609    -0.07998
1364     22.2752458414611     0.08654
1365     22.2752763685613    -0.02049
1366     22.2753068956615    -0.00782
1367     22.2753374227617     0.01933
1368     22.2753679498618     0.08337
1369     22.2753984769620    -0.10179
1370     22.2754290040622    -0.01459
1371     22.2754595311624     0.09906
1372     22.2754900582625     0.08037
1373     22.2755205853627     0.08234
1374     22.2755511124629     0.02425
1375     22.2755816395631     0.03265
1376     22.2756121666633    -0.00782
1377     22.2756426937634    -0.16469
1378     22.2756732208636     0.14956
1379     22.2757037479638    -0.02436
1380     22.2757342750640     0.13059
1381     22.2757648021642     0.06089
1382     22.2757953292643    -0.10731
1383     22.2758258563645    -0.03350
1384     22.2758563834647    -0.04459
1385     22.2758869105649    -0.02198
1386     22.2759174376651    -0.12201
1387     22.2759479647652     0.01235
1388     22.2759784918654     0.00103
1389     22.2760090189656     0.05739
1390     22.2760395460658    -0.00632
1391     22.2760700731660    -0.03670
1392     22.2761006002661     0.00607
1393     22.2761311273663     0.10835
1394     22.2761616544665     0.08548
1395     22.2761921815667    -0.07943
1396     22.2762227086669     0.17690
1397     22.2762532357670     0.01216
1398     22.2762837628672    -0.07250
1399     22.2763142899674    -0.11452
1400     22.2763448170676     0.09992
1401     22.2763753441678    -0.06590
1402     22.2764058712679    -0.04450
1403     22.2764363983681     0.00906
1404     22.2764669254683    -0.08905
1405     22.2764974525685     0.01281
1406     22.2765279796687    -0.08682
1407     22.2765585067688     0.04997
1408     22.2765890338690    -0.01839
1409     22.2766195609692     0.04579
1410     22.2766500880694     0.10785
1411     22.2766806151696     0.01837
1412     22.2767111422697    -0.07943
1413     22.2767416693699     0.01519
1414     22.2767721964701    -0.07688
1415     22.2768027235703     0.00334
1416     22.2768332506705     0.00226
1417     22.2768637777706    -0.01510
1418     22.2768943048708     0.07170
1419     22.2769248319710    -0.01219
1420     22.2769553590712     0.14367
1421     22.2769858861714     0.07037
1422     22.2770164132715     0.01344
1423     22.2770469403717     0.00762
1424     22.2770774674719    -0.00463
1425     22.2771079945721     0.02743
1426     22.2771385216723     0.08065
1427     22.2771690487724    -0.16620
1428     22.2771995758726    -0.02972
1429     22.2772301029728    -0.08906
1430     22.2772606300730    -0.11232
1431     22.2772911571732     0.01419
1432     22.2773216842733     0.14948
1433     22.2773522113735     0.13695
1434     22.2773827384737    -0.09605
1435     22.2774132655739    -0.03335
1436     22.2774437926741     0.09330
1437     22.2774743197742     0.00235
1438     22.2775048468744     0.07643
1439     22.2775353739746    -0.00724
1440     22.2775659010748     0.01037
1441     22.2775964281750    -0.14203
1442     22.2776269552751    -0.15183
1443     22.2776574823753     0.02946
1444     22.2776880094755     0.00643
1445     22.2777185365757    -0.00332
1446     22.2777490636758    -0.06529
1447     22.2777795907760     0.14418
1448     22.2778101178762    -0.07612
1449     22.2778406449764    -0.04609
1450     22.2778711720766     0.14861
1451     22.2779016991767    -0.02008
1452     22.2779322262769     0.17969
1453     22.2779627533771     0.03785
1454     22.2779932804773     0.13680
1455     22.2780238075775     0.01134
1456     22.2780543346776     0.05612
1457     22.2780848617778     0.03155
1458     22.2781153888780     0.03900
1459     22.2781459159782     0.05645
1460     22.2781764430784     0.06961
1461     22.2782069701785    -0.05979
1462     22.2782374972787    -0.03230
1463     22.2782680243789    -0.17880
1464     22.2782985514791     0.02745
1465     22.2783290785793     0.00996
1466     22.2783596056794    -0.01450
1467     22.2783901327796    -0.11843
1468     22.2784206598798    -0.09176
1469     22.2784511869800     0.07805
1470     22.2784817140802    -0.03596
1471     22.2785122411803    -0.11693
1472     22.2785427682805     0.02618
1473     22.2785732953807     0.12550
1474     22.2786038224809     0.10595
1475     22.2786343495811     0.05281
1476     22.2786648766812     0.10672
1477     22.2786954037814    -0.12333
1478     22.2787259308816    -0.00319
1479     22.2787564579818    -0.06627
1480     22.2787869850820     0.06878
1481     22.2788175121821     0.10627
1482     22.2788480392823     0.06927
1483     22.2788785663825    -0.06851
1484     22.2789090934827     0.06483
1485     22.2789396205829    -0.01451
1486     22.2789701476830    -0.12462
1487     22.2790006747832    -0.01892
1488     22.2790312018834    -0.11236
1489     22.2790617289836    -0.12135
1490     22.2790922560838    -0.01818
1491     22.2791227831839     0.05697
1492     22.2791533102841    -0.01718
1493     22.2791838373843     0.20307
1494     22.2792143644845    -0.01372
1495     22.2792448915847    -0.12500
1496     22.2792754186848     0.02193
1497     22.2793059457850     0.00217
1498     22.2793364728852     0.04219
1499     22.2793669999854     0.12383
1500     22.2793975270855     0.02410
1501     22.2794280541857    -0.00431
1502     22.2794585812859    -0.12574
1503     22.2794891083861    -0.07274
1504     22.2795196354863    -0.12563
1505     22.2795501625864     0.00613
1506     22.2795806896866     0.01463
1507     22.2796112167868    -0.03942
1508     22.2796417438870     0.00705
1509     22.2796722709872     0.02792
1510     22.2797027980873    -0.04913
1511     22.2797333251875    -0.02126
1512     22.2797638522877    -0.13803
1513     22.2797943793879    -0.04511
1514     22.2798249064881    -0.05598
1515     22.2798554335882    -0.05528
1516     22.2798859606884     0.06771
1517     22.2799164877886    -0.03118
1518     22.2799470148888    -0.01479
1519     22.2799775419890    -0.12773
1520     22.2800080690891    -0.07982
1521     22.2800385961893    -0.10958
1522     22.2800691232895     0.08237
1523     22.2800996503897    -0.06888
1524     22.2801301774899    -0.06667
1525     22.2801607045900     0.05331
1526     22.2801912316902    -0.06503
1527     22.2802217587904    -0.10349
1528     22.2802522858906     0.06314
1529     22.2802828129908    -0.10393
1530     22.2803133400909     0.04673
1531     22.2803438671911     0.02632
1532     22.2803743942913     0.12796
1533     22.2804049213915     0.01962
1534     22.2804354484917     0.02023
1535     22.2804659755918    -0.00169
1536     22.2804965026920    -0.02457
1537     22.2805270297922    -0.08237
1538     22.2805575568924    -0.21210
1539     22.2805880839926    -0.10233
1540     22.2806186110927    -0.00537
1541     22.2806491381929     0.16520
1542     22.2806796652931     0.00816
1543     22.2807101923933     0.03018
1544     22.2807407194935    -0.07133
1545     22.2807712465936    -0.01451
1546     22.2808017736938     0.04009
1547     22.2808323007940    -0.06147
1548     22.2808628278942     0.00409
1549     22.2808933549944     0.05518
1550     22.2809238820945     0.06064
1551     22.2809544091947    -0.00387
1552     22.2809849362949     0.02854
1553     22.2810154633951     0.05680
1554     22.2810459904953     0.09410
1555     22.2810765175954    -0.07433
1556     22.2811070446956     0.02802
1557     22.2811375717958    -0.06592
1558     22.2811680988960     0.02096
1559     22.2811986259962     0.17227
1560     22.2812291530963     0.11451
1561     22.2812596801965     0.00745
1562     22.2812902072967     0.03789
1563     22.2813207343969     0.08303
1564     22.2813512614971     0.05396
1565     22.2813817885972    -0.01473
1566     22.2814123156974    -0.09276
1567     22.2814428427976     0.06511
1568     22.2814733698978    -0.04808
1569     22.2815038969980    -0.11089
1570     22.2815344240981    -0.15012
1571     22.2815649511983     0.11027
1572     22.2815954782985    -0.16204
1573     22.2816260053987    -0.03889
1574     22.2816565324989    -0.19142
1575     22.2816870595990    -0.07510
1576     22.2817175866992     0.08922
1577     22.2817481137994     0.00316
1578     22.2817786408996    -0.09313
1579     22.2818091679998     0.06210
1580     22.2818396950999    -0.02659
1581     22.2818702222001    -0.10567
1582     22.2819007493003    -0.10114
1583     22.2819312764005    -0.01170
1584     22.2819618035006     0.03967
1585     22.2819923306008    -0.16643
1586     22.2820228577010    -0.15094
1587     22.2820533848012     0.01150
1588     22.2820839119014    -0.06651
1589     22.2821144390015    -0.07257
1590     22.2821449661017    -0.04613
1591     22.2821754932019    -0.01048
1592     22.2822060203021     0.05542
1593     22.2822365474023    -0.00796
1594     22.2822670745024    -0.07055
1595     22.2822976016026     0.08675
1596     22.2823281287028    -0.02174
1597     22.2823586558030     0.01655
1598     22.2823891829032     0.04695
1599     22.2824197100033     0.09012
1600     22.2824502371035    -0.02947
1601     22.2824807642037     0.00261
1602     22.2825112913039     0.07327
1603     22.2825418184041     0.05776
1604     22.2825723455042     0.01044
1605     22.2826028726044     0.05710
1606     22.2826333997046     0.07436
1607     22.2826639268048     0.02534
1608     22.2826944539050     0.11973
1609     22.2827249810051     0.21935
1610     22.2827555081053    -0.07942
1611     22.2827860352055    -0.00041
1612     22.2828165623057    -0.05227
1613     22.2828470894059    -0.00236
1614     22.2828776165060     0.01908
1615     22.2829081436062     0.04101
1616     22.2829386707064     0.08584
1617     22.2829691978066     0.00470
1618     22.2829997249068    -0.10293
1619     22.2830302520069     0.04612
1620     22.2830607791071    -0.02708
1621     22.2830913062073    -0.01633
1622     22.2831218333075    -0.08183
1623     22.2831523604077    -0.02684
1624     22.2831828875078     0.01954
1625     22.2832134146080    -0.04682
1626     22.2832439417082     0.02695
1627     22.2832744688084     0.04513
1628     22.2833049959086    -0.11537
1629     22.2833355230087     0.13110
1630     22.2833660501089     0.01353
1631     22.2833965772091    -0.16068
1632     22.2834271043093    -0.16848
1633     22.2834576314095     0.15083
1634     22.2834881585096     0.01718
1635     22.2835186856098    -0.03882
1636     22.2835492127100    -0.03052
1637     22.2835797398102     0.08528
1638     22.2836102669104     0.06768
1639     22.2836407940105    -0.04901
1640     22.2836713211107    -0.01369
1641     22.2837018482109    -0.04570
1642     22.2837323753111    -0.03476
1643     22.2837629024112     0.05095
1644     22.2837934295114     0.15636
1645     22.2838239566116     0.09923
1646     22.2838544837118    -0.01996
1647     22.2838850108120    -0.02641
1648     22.2839155379121     0.00041
1649     22.2839460650123     0.01421
1650     22.2839765921125     0.04547
1651     22.2840071192127    -0.32167
1652     22.2840376463129     0.05550
1653     22.2840681734130    -0.10378
1654     22.2840987005132    -0.07871
1655     22.2841292276134     0.10669
1656     22.2841597547136    -0.06805
1657     22.2841902818138     0.08070
1658     22.2842208089139     0.09124
1659     22.2842513360141     0.15261
1660     22.2842818631143     0.07509
1661     22.2843123902145    -0.07374
1662     22.2843429173147     0.22806
1663     22.2843734444148     0.14221
1664     22.2844039715150     0.03646
1665     22.2844344986152    -0.01839
1666     22.2844650257154     0.01172
1667     22.2844955528156     0.00677
1668     22.2845260799157     0.06150
1669     22.2845566070159     0.13904
1670     22.2845871341161    -0.10187
1671     22.2846176612163    -0.05170
1672     22.2846481883165    -0.00148
1673     22.2846787154166     0.10305
1674     22.2847092425168     0.22130
1675     22.2847397696170    -0.05180
1676     22.2847702967172    -0.04638
1677     22.2848008238174     0.00367
1678     22.2848313509175    -0.14596
1679     22.2848618780177    -0.01577
1680     22.2848924051179     0.09513
1681     22.2849229322181    -0.03758
1682     22.2849534593183    -0.00547
1683     22.2849839864184     0.03362
1684     22.2850145135186    -0.02950
1685     22.2850450406188    -0.01845
1686     22.2850755677190     0.03342
1687     22.2851060948192     0.02753
1688     22.2851366219193     0.09481
1689     22.2851671490195     0.01215
1690     22.2851976761197     0.00471
1691     22.2852282032199    -0.14424
1692     22.2852587303201    -0.08092
1693     22.2852892574202    -0.04793
1694     22.2853197845204     0.04062
1695     22.2853503116206     0.13823
1696     22.2853808387208     0.00961
1697     22.2854113658210     0.06533
1698     22.2854418929211    -0.03670
1699     22.2854724200213     0.09231
1700     22.2855029471215     0.01357
1701     22.2855334742217     0.18581
1702     22.2855640013219    -0.03302
1703     22.2855945284220     0.00655
1704     22.2856250555222     0.00001
1705     22.2856555826224    -0.05530
1706     22.2856861097226     0.15032
1707     22.2857166368228    -0.00366
1708     22.2857471639229     0.00570
1709     22.2857776910231     0.01023
1710     22.2858082181233    -0.00301
1711     22.2858387452235    -0.00411
1712     22.2858692723237    -0.04378
1713     22.2858997994238    -0.13332
1714     22.2859303265240    -0.22466
1715     22.2859608536242     0.10485
1716     22.2859913807244    -0.09973
1717     22.2860219078245     0.14745
1718     22.2860524349247     0.06989
1719     22.2860829620249    -0.08313
1720     22.2861134891251     0.05542
1721     22.2861440162253     0.02037
1722     22.2861745433254     0.07063
1723     22.2862050704256    -0.05501
1724     22.2862355975258    -0.07816
1725     22.2862661246260     0.04525
1726     22.2862966517262     0.01287
1727     22.2863271788263     0.05744
1728     22.2863577059265    -0.11221
1729     22.2863882330267    -0.02351
1730     22.2864187601269     0.03239
1731     22.2864492872271    -0.03275
1732     22.2864798143272    -0.10308
1733     22.2865103414274    -0.26808
1734     22.2865408685276     0.02688
1735     22.2865713956278     0.04744
1736     22.2866019227280     0.12474
1737     22.2866324498281    -0.10525
1738     22.2866629769283    -0.08186
1739     22.2866935040285     0.08646
1740     22.2867240311287    -0.11399
1741     22.2867545582289     0.04219
1742     22.2867850853290     0.13200
1743     22.2868156124292     0.15030
1744     22.2868461395294     0.13761
1745     22.2868766666296    -0.05277
1746     22.2869071937298     0.09983
1747     22.2869377208299    -0.11268
1748     22.2869682479301    -0.02499
1749     22.2869987750303     0.07286
1750     22.2870293021305     0.04566
1751     22.2870598292307    -0.03318
1752     22.2870903563308    -0.15512
1753     22.2871208834310    -0.03790
1754     22.2871514105312    -0.01790
1755     22.2871819376314    -0.08184
1756     22.2872124647316    -0.06258
1757     22.2872429918317     0.02339
1758     22.2872735189319     0.11286
1759     22.2873040460321    -0.10218
1760     22.2873345731323    -0.03583
1761     22.2873651002325    -0.08524
1762     22.2873956273326    -0.11878
1763     22.2874261544328    -0.08566
1764     22.2874566815330     0.17142
1765     22.2874872086332    -0.04167
1766     22.2875177357334     0.09997
1767     22.2875482628335     0.02499
1768     22.2875787899337     0.07199
1769     22.2876093170339     0.13664
1770     22.2876398441341    -0.04107
1771     22.2876703712343    -0.00052
1772     22.2877008983344     0.03000
1773     22.2877314254346     0.02274
1774     22.2877619525348    -0.10093
1775     22.2877924796350    -0.00090
1776     22.2878230067352     0.01098
1777     22.2878535338353    -0.10117
1778     22.2878840609355     0.02238
1779     22.2879145880357    -0.08086
1780     22.2879451151359     0.08193
1781     22.2879756422361    -0.04079
1782     22.2880061693362     0.06335
1783     22.2880366964364    -0.02073
1784     22.2880672235366     0.08259
1785     22.2880977506368     0.23080
1786     22.2881282777369    -0.09682
1787     22.2881588048371     0.00184
1788     22.2881893319373    -0.15365
1789     22.2882198590375     0.03155
1790     22.2882503861377    -0.09982
1791     22.2882809132378    -0.11859
1792     22.2883114403380     0.07063
1793     22.2883419674382     0.06659
1794     22.2883724945384     0.02777
1795     22.2884030216386     0.00888
1796     22.2884335487387     0.11959
1797     22.2884640758389    -0.07072
1798     22.2884946029391     0.04079
1799     22.2885251300393     0.09463
1800     22.2885556571395    -0.04303
1801     22.2885861842396    -0.05236
1802     22.2886167113398     0.13971
1803     22.2886472384400     0.07104
1804     22.2886777655402    -0.16184
1805     22.2887082926404    -0.08492
1806     22.2887388197405     0.04005
1807     22.2887693468407     0.08817
1808     22.2887998739409     0.01525
1809     22.2888304010411     0.02359
1810     22.2888609281413     0.00672
1811     22.2888914552414    -0.05168
1812     22.2889219823416     0.07193
1813     22.2889525094418     0.06740
1814     22.2889830365420    -0.10102
1815     22.2890135636422    -0.01863
1816     22.2890440907423    -0.07837
1817     22.2890746178425     0.04572
1818     22.2891051449427     0.03974
1819     22.2891356720429     0.00388
1820     22.2891661991431     0.06862
1821     22.2891967262432    -0.14367
1822     22.2892272533434    -0.04271
1823     22.2892577804436     0.08917
1824     22.2892883075438     0.05425
1825     22.2893188346440    -0.11323
1826     22.2893493617441     0.01258
1827     22.2893798888443     0.03989
1828     22.2894104159445     0.10838
1829     22.2894409430447    -0.05101
1830     22.2894714701449    -0.00643
1831     22.2895019972450    -0.05684
1832     22.2895325243452    -0.03806
1833     22.2895630514454     0.03474
1834     22.2895935785456     0.00091
1835     22.2896241056458    -0.12680
1836     22.2896546327459    -0.01612
1837     22.2896851598461    -0.12347
1838     22.2897156869463     0.00757
1839     22.2897462140465     0.03496
1840     22.2897767411467    -0.08954
1841     22.2898072682468     0.00479
1842     22.2898377953470     0.02425
1843     22.2898683224472    -0.23456
1844     22.2898988495474     0.08097
1845     22.2899293766475    -0.09587
1846     22.2899599037477    -0.11075
1847     22.2899904308479     0.00047
1848     22.2900209579481    -0.08997
1849     22.2900514850483    -0.03588
1850     22.2900820121484    -0.04559
1851     22.2901125392486    -0.12246
1852     22.2901430663488     0.02481
1853     22.2901735934490     0.05053
1854     22.2902041205492     0.06472
1855     22.2902346476493    -0.05399
1856     22.2902651747495    -0.05340
1857     22.2902957018497    -0.11316
1858     22.2903262289499    -0.12872
1859     22.2903567560501    -0.00798
1860     22.2903872831502    -0.04979
1861     22.2904178102504    -0.14045
1862     22.2904483373506    -0.04452
1863     22.2904788644508     0.02247
1864     22.2905093915510    -0.16238
1865     22.2905399186511     0.07444
1866     22.2905704457513    -0.09107
1867     22.2906009728515    -0.10390
1868     22.2906314999517    -0.10252
1869     22.2906620270519    -0.07318
1870     22.2906925541520    -0.09150
1871     22.2907230812522    -0.04664
1872     22.2907536083524    -0.04669
1873     22.2907841354526     0.04234
1874     22.2908146625528    -0.06680
1875     22.2908451896529    -0.06267
1876     22.2908757167531    -0.06626
1877     22.2909062438533    -0.04471
1878     22.2909367709535    -0.07091
1879     22.2909672980537    -0.01331
1880     22.2909978251538    -0.02307
1881     22.2910283522540    -0.11206
1882     22.2910588793542    -0.13340
1883     22.2910894064544    -0.07609
1884     22.2911199335546    -0.03074
1885     22.2911504606547     0.03005
1886     22.2911809877549    -0.09179
1887     22.2912115148551    -0.10297
1888     22.2912420419553    -0.00137
1889     22.2912725690555     0.07617
1890     22.2913030961556    -0.07630
1891     22.2913336232558     0.03733
1892     22.2913641503560    -0.06692
1893     22.2913946774562    -0.03683
1894     22.2914252045564    -0.05212
1895     22.2914557316565    -0.05345
1896     22.2914862587567    -0.01790
1897     22.2915167858569    -0.01439
1898     22.2915473129571    -0.15896
1899     22.2915778400573     0.00491
1900     22.2916083671574     0.01919
1901     22.2916388942576    -0.03581
1902     22.2916694213578    -0.00335
1903     22.2916999484580    -0.06095
1904     22.2917304755582    -0.13210
1905     22.2917610026583    -0.03403
1906     22.2917915297585    -0.11600
1907     22.2918220568587    -0.07672
1908     22.2918525839589    -0.08292
1909     22.2918831110591    -0.09936
1910     22.2919136381592    -0.16266
1911     22.2919441652594    -0.21772
1912     22.2919746923596    -0.04512
1913     22.2920052194598    -0.09655
1914     22.2920357465600    -0.08923
1915     22.2920662736601    -0.01470
1916     22.2920968007603     0.01958
1917     22.2921273278605    -0.07750
1918     22.2921578549607    -0.08064
1919     22.2921883820609    -0.05790
1920     22.2922189091610    -0.10922
1921     22.2922494362612     0.03644
1922     22.2922799633614    -0.10249
1923     22.2923104904616    -0.16645
1924     22.2923410175617     0.09020
1925     22.2923715446619    -0.04661
1926     22.2924020717621    -0.05750
1927     22.2924325988623    -0.11050
1928     22.2924631259625    -0.15300
1929     22.2924936530626    -0.13027
1930     22.2925241801628    -0.12508
1931     22.2925547072630    -0.04575
1932     22.2925852343632    -0.10857
1933     22.2926157614634    -0.04387
1934     22.2926462885635     0.01065
1935     22.2926768156637    -0.10784
1936     22.2927073427639    -0.16046
1937     22.2927378698641    -0.03763
1938     22.2927683969643    -0.11319
1939     22.2927989240644    -0.06756
1940     22.2928294511646     0.16366
1941     22.2928599782648    -0.16354
1942     22.2928905053650    -0.03863
1943     22.2929210324652    -0.02799
1944     22.2929515595653    -0.01079
1945     22.2929820866655    -0.12355
1946     22.2930126137657    -0.11413
1947     22.2930431408659     0.13413
1948     22.2930736679661     0.02200
1949     22.2931041950662    -0.26892
1950     22.2931347221664    -0.04392
1951     22.2931652492666    -0.06798
1952     22.2931957763668    -0.06523
1953     22.2932263034670    -0.30830
1954     22.2932568305671    -0.03613
1955     22.2932873576673    -0.09048
1956     22.2933178847675    -0.03328
1957     22.2933484118677    -0.03300
1958     22.2933789389679    -0.10189
1959     22.2934094660680    -0.16641
1960     22.2934399931682    -0.09991
1961     22.2934705202684    -0.10401
1962     22.2935010473686    -0.16836
1963     22.2935315744688    -0.11508
1964     22.2935621015689    -0.16919
1965     22.2935926286691    -0.06873
1966     22.2936231557693    -0.17835
1967     22.2936536828695    -0.05631
1968     22.2936842099697    -0.05377
1969     22.2937147370698    -0.17460
1970     22.2937452641700    -0.14588
1971     22.2937757912702    -0.20582
1972     22.2938063183704    -0.18051
1973     22.2938368454706    -0.06089
1974     22.2938673725707     0.08758
1975     22.2938978996709    -0.06131
1976     22.2939284267711    -0.10936
1977     22.2939589538713    -0.20285
1978     22.2939894809715    -0.09506
1979     22.2940200080716    -0.01942
1980     22.2940505351718    -0.05026
1981     22.2940810622720    -0.36547
1982     22.2941115893722    -0.27256
1983     22.2941421164724    -0.11177
1984     22.2941726435725    -0.21199
1985     22.2942031706727    -0.19344
1986     22.2942336977729    -0.18012
1987     22.2942642248731    -0.28997
1988     22.2942947519733    -0.11562
1989     22.2943252790734    -0.10885
1990     22.2943558061736    -0.06058
1991     22.2943863332738    -0.21900
1992     22.2944168603740    -0.11112
1993     22.2944473874742    -0.13120
1994     22.2944779145743    -0.16062
1995     22.2945084416745    -0.30292
1996     22.2945389687747    -0.26776
1997     22.2945694958749    -0.18024
1998     22.2946000229750    -0.18352
1999     22.2946305500752    -0.15669
2000     22.2946610771754    -0.02468
2001     22.2946916042756    -0.17634
2002     22.2947221313758    -0.16703
2003     22.2947526584759    -0.14767
2004     22.2947831855761    -0.10906
2005     22.2948137126763    -0.14554
2006     22.2948442397765    -0.19832
2007     22.2948747668767    -0.23354
2008     22.2949052939768    -0.19005
2009     22.2949358210770    -0.18256
2010     22.2949663481772    -0.33003
2011     22.2949968752774    -0.19516
2012     22.2950274023776    -0.19209
2013     22.2950579294777    -0.26331
2014     22.2950884565779    -0.09680
2015     22.2951189836781    -0.24386
2016     22.2951495107783    -0.23003
2017     22.2951800378785    -0.24080
2018     22.2952105649786    -0.13094
2019     22.2952410920788    -0.10129
2020     22.2952716191790    -0.14903
2021     22.2953021462792    -0.20544
2022     22.2953326733794    -0.23245
2023     22.2953632004795    -0.14129
2024     22.2953937275797    -0.14782
2025     22.2954242546799    -0.26051
2026     22.2954547817801    -0.24909
2027     22.2954853088803    -0.28660
2028     22.2955158359804    -0.22053
2029     22.2955463630806    -0.20119
2030     22.2955768901808    -0.16405
2031     22.2956074172810    -0.14595
2032     22.2956379443812    -0.14205
2033     22.2956684714813    -0.17596
2034     22.2956989985815    -0.17635
2035     22.2957295256817    -0.32287
2036     22.2957600527819    -0.27570
2037     22.2957905798821    -0.19512
2038     22.2958211069822    -0.29403
2039     22.2958516340824    -0.11702
2040     22.2958821611826    -0.18952
2041     22.2959126882828    -0.29051
2042     22.2959432153830    -0.27402
2043     22.2959737424831    -0.27537
2044     22.2960042695833    -0.02610
2045     22.2960347966835    -0.40536
2046     22.2960653237837    -0.31988
2047     22.2960958508839    -0.29931
2048     22.2961263779840    -0.23525
