   1     22.2339313410562    -0.03248
   2     22.2339618546906    -0.05774
   3     22.2339923683251    -0.02005
   4     22.2340228819596    -0.06648
   5     22.2340533955940     0.07721
   6     22.2340839092285    -0.00324
   7     22.2341144228630     0.05258
   8     22.2341449364974    -0.01785
   9     22.2341754501319     0.01500
  10     22.2342059637663    -0.07158
  11     22.2342364774008    -0.00155
  12     22.2342669910353     0.03517
  13     22.2342975046697    -0.05587
  14     22.2343280183042     0.05355
  15     22.2343585319387    -0.01047
  16     22.2343890455731    -0.06686
  17     22.2344195592076     0.05905
  18     22.2344500728421    -0.00756
  19     22.2344805864765     0.00003
  20     22.2345111001110    -0.03759
  21     22.2345416137455    -0.01671
  22     22.2345721273799    -0.02737
  23     22.2346026410144    -0.08429
  24     22.2346331546489     0.00300
  25     22.2346636682833     0.01640
  26     22.2346941819178     0.47508
  27     22.2347246955523     1.62432
  28     22.2347552091867     1.12892
  29     22.2347857228212     0.86914
  30     22.2348162364557     4.01231
  31     22.2348467500901    58.22060
  32     22.2348772637246    70.67725
  33     22.2349077773590    14.90046
  34     22.2349382909935     6.94522
  35     22.2349688046280     2.57581
  36     22.2349993182624     0.98450
  37     22.2350298318969     0.34506
  38     22.2350603455314     0.19977
  39     22.2350908591658    -0.02851
  40     22.2351213728003     0.00566
  41     22.2351518864348    -0.01692
  42     22.2351824000692    -0.00951
  43     22.2352129137037    -0.04761
  44     22.2352434273382     0.03072
  45     22.2352739409726    -0.02045
  46     22.2353044546071     0.03753
  47     22.2353349682416     0.07467
  48     22.2353654818760     0.03696
  49     22.2353959955105     0.09766
  50     22.2354265091450    -0.11761
  51     22.2354570227794    -0.05941
  52     22.2354875364139     0.03982
  53     22.2355180500484    -0.00273
  54     22.2355485636828    -0.00708
  55     22.2355790773173     0.01481
  56     22.2356095909517    -0.05988
  57     22.2356401045862    -0.02985
  58     22.2356706182207     0.00040
  59     22.2357011318551    -0.07511
  60     22.2357316454896    -0.05297
  61     22.2357621591241     0.02408
  62     22.2357926727585    -0.04169
  63     22.2358231863930    -0.00088
  64     22.2358537000275     0.03464
  65     22.2358842136619    -0.09345
  66     22.2359147272964    -0.00378
  67     22.2359452409309    -0.00504
  68     22.2359757545653    -0.04223
  69     22.2360062681998     0.01068
  70     22.2360367818343    -0.01917
  71     22.2360672954687     0.11672
  72     22.2360978091032    -0.07972
  73     22.2361283227377     0.07773
  74     22.2361588363721    -0.01151
  75     22.2361893500066     0.00183
  76     22.2362198636411     0.16256
  77     22.2362503772755    -0.02278
  78     22.2362808909100     0.05181
  79     22.2363114045444    -0.04380
  80     22.2363419181789    -0.01727
  81     22.2363724318134     0.02037
  82     22.2364029454478     0.07204
  83     22.2364334590823    -0.08961
  84     22.2364639727168    -0.00281
  85     22.2364944863512    -0.00326
  86     22.2365249999857     0.05791
  87     22.2365555136202    -0.05144
  88     22.2365860272546    -0.06559
  89     22.2366165408891     0.01631
  90     22.2366470545236     0.05224
  91     22.2366775681580     0.00522
  92     22.2367080817925    -0.06786
  93     22.2367385954270    -0.01367
  94     22.2367691090614     0.00784
  95     22.2367996226959     0.05563
  96     22.2368301363304    -0.03637
  97     22.2368606499648     0.05192
  98     22.2368911635993     0.03293
  99     22.2369216772338     0.09230
 100     22.2369521908682    -0.07795
 101     22.2369827045027    -0.11417
 102     22.2370132181371     0.05103
 103     22.2370437317716    -0.03436
 104     22.2370742454061     0.01947
 105     22.2371047590405    -0.00649
 106     22.2371352726750     0.03098
 107     22.2371657863095    -0.05026
 108     22.2371962999439    -0.07159
 109     22.2372268135784     0.00633
 110     22.2372573272129    -0.10812
 111     22.2372878408473     0.02837
 112     22.2373183544818    -0.04166
 113     22.2373488681163     0.04077
 114     22.2373793817507    -0.03504
 115     22.2374098953852    -0.01726
 116     22.2374404090197     0.01526
 117     22.2374709226541     0.00717
 118     22.2375014362886    -0.04421
 119     22.2375319499230    -0.05641
 120     22.2375624635575     0.00875
 121     22.2375929771920    -0.09929
 122     22.2376234908264     0.00909
 123     22.2376540044609    -0.00448
 124     22.2376845180954     0.01271
 125     22.2377150317298     0.03354
 126     22.2377455453643     0.11648
 127     22.2377760589988     0.00679
 128     22.2378065726332     0.01241
 129     22.2378370862677     0.02313
 130     22.2378675999022     0.08728
 131     22.2378981135366     0.05813
 132     22.2379286271711    -0.02640
 133     22.2379591408056    -0.06383
 134     22.2379896544400    -0.07261
 135     22.2380201680745     0.03926
 136     22.2380506817090     0.08528
 137     22.2380811953434    -0.01805
 138     22.2381117089779     0.04925
 139     22.2381422226124     0.07683
 140     22.2381727362468    -0.04613
 141     22.2382032498813     0.08029
 142     22.2382337635157    -0.00348
 143     22.2382642771502    -0.00077
 144     22.2382947907847     0.10646
 145     22.2383253044191    -0.05548
 146     22.2383558180536     0.10126
 147     22.2383863316881     0.00616
 148     22.2384168453225    -0.01816
 149     22.2384473589570     0.00946
 150     22.2384778725915     0.00169
 151     22.2385083862259     0.00412
 152     22.2385388998604     0.08015
 153     22.2385694134949     0.01754
 154     22.2385999271293    -0.08433
 155     22.2386304407638    -0.01993
 156     22.2386609543983    -0.01151
 157     22.2386914680327     0.03607
 158     22.2387219816672    -0.04946
 159     22.2387524953017     0.04256
 160     22.2387830089361    -0.10680
 161     22.2388135225706    -0.06363
 162     22.2388440362051    -0.04248
 163     22.2388745498395    -0.02988
 164     22.2389050634740    -0.02253
 165     22.2389355771084    -0.04221
 166     22.2389660907429    -0.09225
 167     22.2389966043774     0.03961
 168     22.2390271180118    -0.00228
 169     22.2390576316463     0.04505
 170     22.2390881452808     0.06075
 171     22.2391186589152    -0.05146
 172     22.2391491725497     0.04565
 173     22.2391796861842     0.04747
 174     22.2392101998186    -0.00145
 175     22.2392407134531     0.00176
 176     22.2392712270876     0.01045
 177     22.2393017407220    -0.02601
 178     22.2393322543565     0.05412
 179     22.2393627679910    -0.00535
 180     22.2393932816254     0.01863
 181     22.2394237952599     0.05196
 182     22.2394543088944     0.06527
 183     22.2394848225288     0.03363
 184     22.2395153361633     0.06676
 185     22.2395458497978     0.01249
 186     22.2395763634322     0.05774
 187     22.2396068770667     0.01889
 188     22.2396373907011    -0.10597
 189     22.2396679043356     0.01390
 190     22.2396984179701    -0.05108
 191     22.2397289316045     0.13673
 192     22.2397594452390    -0.10310
 193     22.2397899588735     0.05654
 194     22.2398204725079    -0.00752
 195     22.2398509861424    -0.03534
 196     22.2398814997769     0.10708
 197     22.2399120134113     0.05091
 198     22.2399425270458     0.09699
 199     22.2399730406803    -0.01484
 200     22.2400035543147    -0.06755
 201     22.2400340679492     0.03385
 202     22.2400645815837    -0.02690
 203     22.2400950952181    -0.09840
 204     22.2401256088526    -0.00934
 205     22.2401561224871    -0.05127
 206     22.2401866361215    -0.05846
 207     22.2402171497560    -0.00015
 208     22.2402476633904    -0.00788
 209     22.2402781770249    -0.05398
 210     22.2403086906594     0.00268
 211     22.2403392042938    -0.03284
 212     22.2403697179283    -0.04014
 213     22.2404002315628     0.00361
 214     22.2404307451972     0.02476
 215     22.2404612588317     0.09739
 216     22.2404917724662     0.00506
 217     22.2405222861006     0.01712
 218     22.2405527997351    -0.09520
 219     22.2405833133696    -0.06802
 220     22.2406138270040     0.01911
 221     22.2406443406385     0.02092
 222     22.2406748542730    -0.00409
 223     22.2407053679074     0.02035
 224     22.2407358815419     0.03151
 225     22.2407663951764     0.11284
 226     22.2407969088108     0.00988
 227     22.2408274224453     0.08817
 228     22.2408579360798     0.01101
 229     22.2408884497142    -0.06182
 230     22.2409189633487    -0.02564
 231     22.2409494769831    -0.01026
 232     22.2409799906176     0.00941
 233     22.2410105042521    -0.07891
 234     22.2410410178865    -0.02048
 235     22.2410715315210    -0.06143
 236     22.2411020451555    -0.11657
 237     22.2411325587899     0.06452
 238     22.2411630724244     0.05537
 239     22.2411935860589     0.03017
 240     22.2412240996933     0.04574
 241     22.2412546133278    -0.03633
 242     22.2412851269623     0.02050
 243     22.2413156405967    -0.02260
 244     22.2413461542312    -0.04813
 245     22.2413766678657     0.02930
 246     22.2414071815001     0.00415
 247     22.2414376951346    -0.07763
 248     22.2414682087691    -0.16954
 249     22.2414987224035    -0.08529
 250     22.2415292360380     0.04178
 251     22.2415597496725    -0.17146
 252     22.2415902633069    -0.03671
 253     22.2416207769414    -0.03105
 254     22.2416512905758    -0.06995
 255     22.2416818042103     0.09783
 256     22.2417123178448    -0.00330
 257     22.2417428314792    -0.12241
 258     22.2417733451137    -0.01833
 259     22.2418038587482     0.05958
 260     22.2418343723826    -0.08494
 261     22.2418648860171    -0.02783
 262     22.2418953996516     0.01727
 263     22.2419259132860    -0.04901
 264     22.2419564269205     0.04712
 265     22.2419869405550     0.06000
 266     22.2420174541894     0.06188
 267     22.2420479678239     0.05213
 268     22.2420784814584    -0.01004
 269     22.2421089950928     0.04238
 270     22.2421395087273     0.09425
 271     22.2421700223617     0.13494
 272     22.2422005359962    -0.03342
 273     22.2422310496307     0.01758
 274     22.2422615632651     0.11688
 275     22.2422920768996    -0.08432
 276     22.2423225905341     0.00306
 277     22.2423531041685     0.04302
 278     22.2423836178030    -0.00638
 279     22.2424141314375    -0.00452
 280     22.2424446450719    -0.05427
 281     22.2424751587064    -0.01627
 282     22.2425056723409     0.06677
 283     22.2425361859753    -0.02382
 284     22.2425666996098    -0.01486
 285     22.2425972132443    -0.01634
 286     22.2426277268787     0.01920
 287     22.2426582405132    -0.03922
 288     22.2426887541477     0.00518
 289     22.2427192677821    -0.00687
 290     22.2427497814166     0.02875
 291     22.2427802950511     0.02046
 292     22.2428108086855    -0.05373
 293     22.2428413223200    -0.05248
 294     22.2428718359544     0.07311
 295     22.2429023495889    -0.03175
 296     22.2429328632234     0.08095
 297     22.2429633768578     0.03158
 298     22.2429938904923    -0.11736
 299     22.2430244041268     0.00998
 300     22.2430549177612     0.08220
 301     22.2430854313957    -0.01574
 302     22.2431159450302     0.02487
 303     22.2431464586646     0.09953
 304     22.2431769722991    -0.07613
 305     22.2432074859336    -0.06479
 306     22.2432379995680     0.08534
 307     22.2432685132025    -0.08168
 308     22.2432990268370    -0.05819
 309     22.2433295404714     0.04616
 310     22.2433600541059     0.03531
 311     22.2433905677404     0.11875
 312     22.2434210813748     0.03378
 313     22.2434515950093    -0.09358
 314     22.2434821086438     0.12450
 315     22.2435126222782     0.00002
 316     22.2435431359127    -0.07693
 317     22.2435736495471     0.05105
 318     22.2436041631816    -0.00695
 319     22.2436346768161    -0.07151
 320     22.2436651904505     0.13040
 321     22.2436957040850     0.05082
 322     22.2437262177195    -0.06408
 323     22.2437567313539     0.02531
 324     22.2437872449884    -0.02502
 325     22.2438177586229     0.05669
 326     22.2438482722573    -0.01826
 327     22.2438787858918     0.04993
 328     22.2439092995263     0.00198
 329     22.2439398131607     0.04081
 330     22.2439703267952     0.03154
 331     22.2440008404297    -0.06386
 332     22.2440313540641     0.00604
 333     22.2440618676986    -0.07551
 334     22.2440923813331     0.08109
 335     22.2441228949675     0.04583
 336     22.2441534086020    -0.02753
 337     22.2441839222365     0.04242
 338     22.2442144358709     0.07767
 339     22.2442449495054    -0.09808
 340     22.2442754631398    -0.04474
 341     22.2443059767743    -0.01052
 342     22.2443364904088    -0.02862
 343     22.2443670040432    -0.03707
 344     22.2443975176777     0.06852
 345     22.2444280313122     0.00196
 346     22.2444585449466    -0.12452
 347     22.2444890585811     0.00173
 348     22.2445195722156    -0.01893
 349     22.2445500858500    -0.02619
 350     22.2445805994845     0.00905
 351     22.2446111131190    -0.12043
 352     22.2446416267534    -0.00820
 353     22.2446721403879     0.00972
 354     22.2447026540224    -0.01748
 355     22.2447331676568    -0.03300
 356     22.2447636812913    -0.01198
 357     22.2447941949258    -0.07673
 358     22.2448247085602    -0.06339
 359     22.2448552221947     0.08104
 360     22.2448857358291     0.04049
 361     22.2449162494636    -0.08319
 362     22.2449467630981    -0.03059
 363     22.2449772767325     0.00681
 364     22.2450077903670    -0.09319
 365     22.2450383040015     0.08524
 366     22.2450688176359     0.01544
 367     22.2450993312704     0.06960
 368     22.2451298449049    -0.04850
 369     22.2451603585393    -0.04241
 370     22.2451908721738    -0.03527
 371     22.2452213858083     0.03146
 372     22.2452518994427    -0.05959
 373     22.2452824130772     0.00564
 374     22.2453129267117     0.00002
 375     22.2453434403461     0.02074
 376     22.2453739539806     0.12578
 377     22.2454044676151    -0.02008
 378     22.2454349812495     0.07844
 379     22.2454654948840    -0.04834
 380     22.2454960085185     0.03342
 381     22.2455265221529     0.01903
 382     22.2455570357874    -0.01845
 383     22.2455875494218     0.05961
 384     22.2456180630563    -0.05897
 385     22.2456485766908    -0.04990
 386     22.2456790903252     0.08386
 387     22.2457096039597    -0.01726
 388     22.2457401175942     0.05215
 389     22.2457706312286     0.07135
 390     22.2458011448631    -0.03724
 391     22.2458316584976    -0.03873
 392     22.2458621721320    -0.01679
 393     22.2458926857665     0.05584
 394     22.2459231994010     0.05410
 395     22.2459537130354    -0.01665
 396     22.2459842266699    -0.05495
 397     22.2460147403044     0.06188
 398     22.2460452539388     0.07198
 399     22.2460757675733    -0.00185
 400     22.2461062812078     0.03110
 401     22.2461367948422    -0.01950
 402     22.2461673084767    -0.06414
 403     22.2461978221112     0.00266
 404     22.2462283357456    -0.03107
 405     22.2462588493801     0.05988
 406     22.2462893630145     0.09986
 407     22.2463198766490    -0.09273
 408     22.2463503902835    -0.08742
 409     22.2463809039179     0.06516
 410     22.2464114175524    -0.03083
 411     22.2464419311869    -0.05026
 412     22.2464724448213    -0.06837
 413     22.2465029584558     0.02989
 414     22.2465334720903    -0.08464
 415     22.2465639857247     0.07426
 416     22.2465944993592    -0.09090
 417     22.2466250129937    -0.05110
 418     22.2466555266281     0.08197
 419     22.2466860402626     0.12252
 420     22.2467165538971     0.03973
 421     22.2467470675315     0.06675
 422     22.2467775811660     0.01795
 423     22.2468080948004    -0.04192
 424     22.2468386084349    -0.04469
 425     22.2468691220694    -0.01118
 426     22.2468996357038    -0.10099
 427     22.2469301493383    -0.03929
 428     22.2469606629728     0.01021
 429     22.2469911766072    -0.05613
 430     22.2470216902417     0.00719
 431     22.2470522038762     0.01310
 432     22.2470827175106    -0.00908
 433     22.2471132311451     0.01723
 434     22.2471437447796    -0.11261
 435     22.2471742584140    -0.12986
 436     22.2472047720485    -0.02528
 437     22.2472352856830     0.01488
 438     22.2472657993174     0.01017
 439     22.2472963129519    -0.12852
 440     22.2473268265864     0.15596
 441     22.2473573402208    -0.01319
 442     22.2473878538553     0.08525
 443     22.2474183674898     0.00995
 444     22.2474488811242    -0.04661
 445     22.2474793947587     0.03017
 446     22.2475099083932    -0.04604
 447     22.2475404220276     0.03634
 448     22.2475709356621     0.06600
 449     22.2476014492965     0.01381
 450     22.2476319629310    -0.07721
 451     22.2476624765655     0.05104
 452     22.2476929901999     0.01197
 453     22.2477235038344    -0.03047
 454     22.2477540174689    -0.03283
 455     22.2477845311033    -0.06008
 456     22.2478150447378    -0.00320
 457     22.2478455583723     0.08243
 458     22.2478760720067     0.03948
 459     22.2479065856412    -0.05443
 460     22.2479370992757    -0.01217
 461     22.2479676129101     0.07261
 462     22.2479981265446    -0.04558
 463     22.2480286401791     0.03748
 464     22.2480591538135     0.05551
 465     22.2480896674480     0.08113
 466     22.2481201810825    -0.18714
 467     22.2481506947169     0.04075
 468     22.2481812083514    -0.06744
 469     22.2482117219859    -0.00862
 470     22.2482422356203     0.09145
 471     22.2482727492548     0.02837
 472     22.2483032628892     0.05608
 473     22.2483337765237    -0.09357
 474     22.2483642901582     0.05494
 475     22.2483948037926    -0.01254
 476     22.2484253174271    -0.02364
 477     22.2484558310616     0.00040
 478     22.2484863446960     0.07602
 479     22.2485168583305     0.01768
 480     22.2485473719650     0.02032
 481     22.2485778855994    -0.04367
 482     22.2486083992339     0.07367
 483     22.2486389128684    -0.05418
 484     22.2486694265028    -0.01540
 485     22.2486999401373     0.04146
 486     22.2487304537718     0.08745
 487     22.2487609674062    -0.00925
 488     22.2487914810407    -0.02511
 489     22.2488219946752    -0.03899
 490     22.2488525083096    -0.01579
 491     22.2488830219441    -0.00247
 492     22.2489135355785    -0.11607
 493     22.2489440492130     0.01673
 494     22.2489745628475    -0.07860
 495     22.2490050764819    -0.06385
 496     22.2490355901164     0.12661
 497     22.2490661037509    -0.09718
 498     22.2490966173853     0.07525
 499     22.2491271310198     0.01213
 500     22.2491576446543     0.01715
 501     22.2491881582887     0.03592
 502     22.2492186719232    -0.03065
 503     22.2492491855577    -0.06745
 504     22.2492796991921     0.05571
 505     22.2493102128266    -0.01171
 506     22.2493407264611     0.10350
 507     22.2493712400955     0.05660
 508     22.2494017537300    -0.10399
 509     22.2494322673645    -0.14283
 510     22.2494627809989    -0.03887
 511     22.2494932946334     0.09713
 512     22.2495238082678    -0.13023
 513     22.2495543219023    -0.02118
 514     22.2495848355368     0.06905
 515     22.2496153491712     0.02697
 516     22.2496458628057     0.08738
 517     22.2496763764402    -0.06437
 518     22.2497068900746     0.03050
 519     22.2497374037091    -0.00973
 520     22.2497679173436    -0.02562
 521     22.2497984309780     0.02601
 522     22.2498289446125    -0.07049
 523     22.2498594582470     0.07323
 524     22.2498899718814     0.09046
 525     22.2499204855159     0.08020
 526     22.2499509991504     0.01877
 527     22.2499815127848     0.01566
 528     22.2500120264193    -0.08130
 529     22.2500425400538     0.03120
 530     22.2500730536882    -0.04648
 531     22.2501035673227    -0.00270
 532     22.2501340809572     0.00090
 533     22.2501645945916     0.00843
 534     22.2501951082261     0.05369
 535     22.2502256218606    -0.07677
 536     22.2502561354950     0.12642
 537     22.2502866491295     0.08538
 538     22.2503171627639     0.01702
 539     22.2503476763984    -0.03131
 540     22.2503781900329     0.05061
 541     22.2504087036673     0.01012
 542     22.2504392173018     0.02839
 543     22.2504697309363    -0.07078
 544     22.2505002445707     0.03686
 545     22.2505307582052    -0.06416
 546     22.2505612718397     0.00939
 547     22.2505917854741    -0.12423
 548     22.2506222991086     0.02829
 549     22.2506528127431     0.03544
 550     22.2506833263775     0.09742
 551     22.2507138400120    -0.08421
 552     22.2507443536465     0.07516
 553     22.2507748672809    -0.03553
 554     22.2508053809154    -0.04276
 555     22.2508358945499     0.04743
 556     22.2508664081843     0.02289
 557     22.2508969218188     0.13890
 558     22.2509274354532     0.12113
 559     22.2509579490877    -0.01347
 560     22.2509884627222     0.15195
 561     22.2510189763566    -0.06749
 562     22.2510494899911    -0.04769
 563     22.2510800036256     0.07722
 564     22.2511105172600    -0.10575
 565     22.2511410308945    -0.02218
 566     22.2511715445290     0.02111
 567     22.2512020581634    -0.06467
 568     22.2512325717979    -0.07264
 569     22.2512630854324     0.01178
 570     22.2512935990668    -0.00130
 571     22.2513241127013    -0.03528
 572     22.2513546263358     0.02120
 573     22.2513851399702    -0.00383
 574     22.2514156536047    -0.03033
 575     22.2514461672392     0.09096
 576     22.2514766808736    -0.08285
 577     22.2515071945081     0.02883
 578     22.2515377081425     0.05438
 579     22.2515682217770     0.09248
 580     22.2515987354115    -0.08711
 581     22.2516292490459    -0.01190
 582     22.2516597626804     0.01396
 583     22.2516902763149     0.04671
 584     22.2517207899493     0.04067
 585     22.2517513035838    -0.08442
 586     22.2517818172183     0.03063
 587     22.2518123308527     0.00381
 588     22.2518428444872    -0.00957
 589     22.2518733581217     0.06203
 590     22.2519038717561    -0.12363
 591     22.2519343853906     0.02813
 592     22.2519648990251    -0.05175
 593     22.2519954126595    -0.05859
 594     22.2520259262940     0.03950
 595     22.2520564399285     0.02804
 596     22.2520869535629    -0.02407
 597     22.2521174671974     0.00717
 598     22.2521479808319    -0.02776
 599     22.2521784944663     0.04396
 600     22.2522090081008    -0.02811
 601     22.2522395217352     0.06198
 602     22.2522700353697    -0.02426
 603     22.2523005490042     0.12686
 604     22.2523310626386     0.05146
 605     22.2523615762731    -0.13201
 606     22.2523920899076     0.01089
 607     22.2524226035420     0.06704
 608     22.2524531171765     0.00177
 609     22.2524836308110     0.03810
 610     22.2525141444454     0.03570
 611     22.2525446580799     0.01443
 612     22.2525751717144    -0.05548
 613     22.2526056853488    -0.06502
 614     22.2526361989833    -0.02514
 615     22.2526667126178     0.00214
 616     22.2526972262522     0.11901
 617     22.2527277398867     0.05473
 618     22.2527582535212    -0.11718
 619     22.2527887671556    -0.05704
 620     22.2528192807901     0.00943
 621     22.2528497944246     0.00443
 622     22.2528803080590    -0.00567
 623     22.2529108216935    -0.01910
 624     22.2529413353279     0.02377
 625     22.2529718489624    -0.05768
 626     22.2530023625969     0.02517
 627     22.2530328762313    -0.10377
 628     22.2530633898658     0.07131
 629     22.2530939035003    -0.05370
 630     22.2531244171347     0.00823
 631     22.2531549307692     0.00556
 632     22.2531854444037     0.06824
 633     22.2532159580381    -0.07627
 634     22.2532464716726     0.07710
 635     22.2532769853071    -0.04634
 636     22.2533074989415    -0.04156
 637     22.2533380125760    -0.00747
 638     22.2533685262105    -0.02363
 639     22.2533990398449     0.10758
 640     22.2534295534794    -0.03517
 641     22.2534600671139     0.08706
 642     22.2534905807483    -0.10321
 643     22.2535210943828     0.03498
 644     22.2535516080172     0.04859
 645     22.2535821216517     0.03314
 646     22.2536126352862     0.03863
 647     22.2536431489206    -0.00545
 648     22.2536736625551    -0.04287
 649     22.2537041761896     0.11633
 650     22.2537346898240     0.00917
 651     22.2537652034585    -0.00902
 652     22.2537957170930    -0.04513
 653     22.2538262307274    -0.06666
 654     22.2538567443619    -0.02353
 655     22.2538872579964     0.02281
 656     22.2539177716308    -0.04147
 657     22.2539482852653     0.06412
 658     22.2539787988998     0.04209
 659     22.2540093125342     0.04941
 660     22.2540398261687    -0.02386
 661     22.2540703398032    -0.00417
 662     22.2541008534376    -0.07456
 663     22.2541313670721     0.03200
 664     22.2541618807066    -0.03359
 665     22.2541923943410    -0.00624
 666     22.2542229079755    -0.05785
 667     22.2542534216099     0.02602
 668     22.2542839352444    -0.06275
 669     22.2543144488789     0.09206
 670     22.2543449625133     0.02407
 671     22.2543754761478    -0.02678
 672     22.2544059897823    -0.02876
 673     22.2544365034167     0.07572
 674     22.2544670170512     0.01681
 675     22.2544975306857     0.00426
 676     22.2545280443201    -0.05596
 677     22.2545585579546     0.08584
 678     22.2545890715891     0.00717
 679     22.2546195852235    -0.05591
 680     22.2546500988580    -0.01503
 681     22.2546806124925     0.01063
 682     22.2547111261269    -0.02867
 683     22.2547416397614    -0.04420
 684     22.2547721533959    -0.05976
 685     22.2548026670303     0.07577
 686     22.2548331806648     0.03220
 687     22.2548636942993    -0.07200
 688     22.2548942079337    -0.09321
 689     22.2549247215682    -0.14541
 690     22.2549552352026     0.00714
 691     22.2549857488371     0.00863
 692     22.2550162624716    -0.08357
 693     22.2550467761060    -0.06552
 694     22.2550772897405     0.07815
 695     22.2551078033750    -0.02589
 696     22.2551383170094    -0.00844
 697     22.2551688306439    -0.07085
 698     22.2551993442784    -0.04574
 699     22.2552298579128     0.04641
 700     22.2552603715473    -0.03532
 701     22.2552908851818     0.12575
 702     22.2553213988162     0.02346
 703     22.2553519124507    -0.05081
 704     22.2553824260852    -0.00776
 705     22.2554129397196    -0.04657
 706     22.2554434533541     0.06005
 707     22.2554739669886    -0.01701
 708     22.2555044806230     0.07606
 709     22.2555349942575     0.02875
 710     22.2555655078920    -0.00364
 711     22.2555960215264     0.00881
 712     22.2556265351609    -0.03278
 713     22.2556570487953     0.00114
 714     22.2556875624298     0.06300
 715     22.2557180760643     0.05153
 716     22.2557485896987     0.05788
 717     22.2557791033332    -0.01010
 718     22.2558096169677     0.01527
 719     22.2558401306021     0.02675
 720     22.2558706442366     0.04684
 721     22.2559011578711    -0.03035
 722     22.2559316715055     0.00481
 723     22.2559621851400     0.05007
 724     22.2559926987745    -0.05666
 725     22.2560232124089     0.10371
 726     22.2560537260434     0.09090
 727     22.2560842396779     0.03018
 728     22.2561147533123     0.04349
 729     22.2561452669468    -0.07268
 730     22.2561757805813    -0.07151
 731     22.2562062942157    -0.00862
 732     22.2562368078502     0.05186
 733     22.2562673214846    -0.01513
 734     22.2562978351191     0.03889
 735     22.2563283487536    -0.04873
 736     22.2563588623880    -0.07386
 737     22.2563893760225     0.01061
 738     22.2564198896570     0.06406
 739     22.2564504032914    -0.01322
 740     22.2564809169259    -0.01866
 741     22.2565114305604    -0.11916
 742     22.2565419441948    -0.06261
 743     22.2565724578293    -0.04545
 744     22.2566029714638     0.04218
 745     22.2566334850982    -0.03042
 746     22.2566639987327     0.03068
 747     22.2566945123672    -0.03688
 748     22.2567250260016    -0.04111
 749     22.2567555396361    -0.04104
 750     22.2567860532706     0.02930
 751     22.2568165669050    -0.00505
 752     22.2568470805395    -0.12385
 753     22.2568775941739    -0.02270
 754     22.2569081078084     0.02456
 755     22.2569386214429     0.02336
 756     22.2569691350773    -0.07221
 757     22.2569996487118     0.03197
 758     22.2570301623463    -0.10287
 759     22.2570606759807    -0.05414
 760     22.2570911896152    -0.04698
 761     22.2571217032497     0.01048
 762     22.2571522168841    -0.01368
 763     22.2571827305186    -0.06920
 764     22.2572132441531    -0.02709
 765     22.2572437577875     0.01237
 766     22.2572742714220     0.09294
 767     22.2573047850565     0.04071
 768     22.2573352986909    -0.04663
 769     22.2573658123254     0.03327
 770     22.2573963259599     0.05600
 771     22.2574268395943    -0.06129
 772     22.2574573532288     0.08223
 773     22.2574878668633     0.03099
 774     22.2575183804977    -0.06387
 775     22.2575488941322     0.09970
 776     22.2575794077666     0.05773
 777     22.2576099214011     0.03728
 778     22.2576404350356     0.09540
 779     22.2576709486700     0.00601
 780     22.2577014623045    -0.02828
 781     22.2577319759390     0.04564
 782     22.2577624895734    -0.02074
 783     22.2577930032079    -0.03155
 784     22.2578235168424     0.08061
 785     22.2578540304768     0.07813
 786     22.2578845441113     0.03011
 787     22.2579150577458     0.01863
 788     22.2579455713802    -0.00633
 789     22.2579760850147     0.03858
 790     22.2580065986492    -0.03066
 791     22.2580371122836     0.13076
 792     22.2580676259181     0.04193
 793     22.2580981395526     0.02673
 794     22.2581286531870    -0.02983
 795     22.2581591668215    -0.03824
 796     22.2581896804559    -0.05050
 797     22.2582201940904    -0.10141
 798     22.2582507077249    -0.01763
 799     22.2582812213593    -0.08321
 800     22.2583117349938     0.02935
 801     22.2583422486283     0.07301
 802     22.2583727622627    -0.03836
 803     22.2584032758972    -0.04236
 804     22.2584337895317    -0.02523
 805     22.2584643031661    -0.03704
 806     22.2584948168006    -0.01193
 807     22.2585253304351     0.02765
 808     22.2585558440695    -0.08914
 809     22.2585863577040    -0.00822
 810     22.2586168713385    -0.08898
 811     22.2586473849729     0.03240
 812     22.2586778986074    -0.07322
 813     22.2587084122419     0.04572
 814     22.2587389258763     0.08968
 815     22.2587694395108     0.03684
 816     22.2587999531453     0.12672
 817     22.2588304667797    -0.12633
 818     22.2588609804142    -0.03061
 819     22.2588914940487    -0.04147
 820     22.2589220076831     0.15436
 821     22.2589525213176     0.09820
 822     22.2589830349520     0.00189
 823     22.2590135485865    -0.03065
 824     22.2590440622210     0.02199
 825     22.2590745758554    -0.07611
 826     22.2591050894899    -0.01704
 827     22.2591356031244    -0.04900
 828     22.2591661167588     0.08020
 829     22.2591966303933     0.01138
 830     22.2592271440278     0.03112
 831     22.2592576576622    -0.02028
 832     22.2592881712967    -0.02192
 833     22.2593186849312     0.04182
 834     22.2593491985656     0.05768
 835     22.2593797122001     0.02965
 836     22.2594102258346    -0.05479
 837     22.2594407394690    -0.05666
 838     22.2594712531035     0.04607
 839     22.2595017667380     0.04382
 840     22.2595322803724    -0.02743
 841     22.2595627940069     0.04249
 842     22.2595933076413    -0.13122
 843     22.2596238212758    -0.04889
 844     22.2596543349103     0.06865
 845     22.2596848485447    -0.05422
 846     22.2597153621792    -0.04931
 847     22.2597458758137     0.01811
 848     22.2597763894481    -0.08172
 849     22.2598069030826    -0.08926
 850     22.2598374167171     0.00744
 851     22.2598679303515     0.01921
 852     22.2598984439860    -0.01582
 853     22.2599289576205    -0.12079
 854     22.2599594712549    -0.09081
 855     22.2599899848894    -0.00745
 856     22.2600204985239    -0.04436
 857     22.2600510121583    -0.00118
 858     22.2600815257928     0.01352
 859     22.2601120394273     0.02973
 860     22.2601425530617    -0.09621
 861     22.2601730666962     0.02260
 862     22.2602035803306     0.05136
 863     22.2602340939651    -0.02645
 864     22.2602646075996     0.01407
 865     22.2602951212340     0.03290
 866     22.2603256348685    -0.06352
 867     22.2603561485030    -0.00059
 868     22.2603866621374     0.04258
 869     22.2604171757719     0.05034
 870     22.2604476894064    -0.00130
 871     22.2604782030408     0.03658
 872     22.2605087166753     0.09844
 873     22.2605392303098    -0.03923
 874     22.2605697439442    -0.05412
 875     22.2606002575787     0.09518
 876     22.2606307712132     0.08536
 877     22.2606612848476    -0.09881
 878     22.2606917984821     0.02678
 879     22.2607223121166     0.14966
 880     22.2607528257510     0.05744
 881     22.2607833393855    -0.02109
 882     22.2608138530200     0.04163
 883     22.2608443666544    -0.08813
 884     22.2608748802889    -0.00586
 885     22.2609053939233     0.04126
 886     22.2609359075578    -0.06348
 887     22.2609664211923     0.04425
 888     22.2609969348267     0.02714
 889     22.2610274484612    -0.10075
 890     22.2610579620957     0.02795
 891     22.2610884757301    -0.00812
 892     22.2611189893646     0.04175
 893     22.2611495029991    -0.01387
 894     22.2611800166335     0.06170
 895     22.2612105302680     0.05669
 896     22.2612410439025     0.01479
 897     22.2612715575369    -0.03840
 898     22.2613020711714    -0.11162
 899     22.2613325848059    -0.00213
 900     22.2613630984403     0.00399
 901     22.2613936120748     0.03157
 902     22.2614241257093     0.04315
 903     22.2614546393437     0.14549
 904     22.2614851529782     0.00526
 905     22.2615156666126    -0.05237
 906     22.2615461802471     0.01027
 907     22.2615766938816    -0.10545
 908     22.2616072075160     0.09757
 909     22.2616377211505     0.02947
 910     22.2616682347850     0.02623
 911     22.2616987484194    -0.00283
 912     22.2617292620539    -0.21855
 913     22.2617597756884    -0.09390
 914     22.2617902893228    -0.07713
 915     22.2618208029573    -0.06447
 916     22.2618513165918     0.00757
 917     22.2618818302262    -0.00153
 918     22.2619123438607     0.03690
 919     22.2619428574952    -0.07453
 920     22.2619733711296    -0.07653
 921     22.2620038847641     0.01770
 922     22.2620343983986     0.02517
 923     22.2620649120330     0.05089
 924     22.2620954256675     0.05919
 925     22.2621259393020     0.01699
 926     22.2621564529364    -0.02625
 927     22.2621869665709    -0.11482
 928     22.2622174802054    -0.05696
 929     22.2622479938398     0.02556
 930     22.2622785074743    -0.00287
 931     22.2623090211087    -0.13563
 932     22.2623395347432    -0.01214
 933     22.2623700483777     0.01666
 934     22.2624005620121    -0.01667
 935     22.2624310756466     0.04100
 936     22.2624615892811     0.01963
 937     22.2624921029155    -0.00905
 938     22.2625226165500    -0.00965
 939     22.2625531301845     0.15048
 940     22.2625836438189     0.06075
 941     22.2626141574534     0.07215
 942     22.2626446710879     0.05383
 943     22.2626751847223    -0.01331
 944     22.2627056983568    -0.02799
 945     22.2627362119913     0.07574
 946     22.2627667256257     0.00307
 947     22.2627972392602     0.03023
 948     22.2628277528947    -0.05477
 949     22.2628582665291    -0.00309
 950     22.2628887801636     0.01618
 951     22.2629192937980    -0.04772
 952     22.2629498074325    -0.03424
 953     22.2629803210670    -0.05899
 954     22.2630108347014    -0.07721
 955     22.2630413483359    -0.09328
 956     22.2630718619704    -0.03274
 957     22.2631023756048     0.02449
 958     22.2631328892393    -0.02377
 959     22.2631634028738     0.09062
 960     22.2631939165082     0.02055
 961     22.2632244301427    -0.08592
 962     22.2632549437772    -0.01172
 963     22.2632854574116    -0.00789
 964     22.2633159710461     0.08119
 965     22.2633464846806     0.05990
 966     22.2633769983150     0.04725
 967     22.2634075119495     0.05571
 968     22.2634380255840     0.00271
 969     22.2634685392184    -0.06538
 970     22.2634990528529    -0.06265
 971     22.2635295664874    -0.03404
 972     22.2635600801218    -0.05947
 973     22.2635905937563    -0.03402
 974     22.2636211073907    -0.02744
 975     22.2636516210252     0.01605
 976     22.2636821346597     0.08123
 977     22.2637126482941    -0.07557
 978     22.2637431619286    -0.04553
 979     22.2637736755631     0.07836
 980     22.2638041891975     0.07338
 981     22.2638347028320     0.06326
 982     22.2638652164665    -0.10635
 983     22.2638957301009     0.02942
 984     22.2639262437354    -0.05987
 985     22.2639567573699     0.08086
 986     22.2639872710043     0.04520
 987     22.2640177846388    -0.01202
 988     22.2640482982733    -0.07182
 989     22.2640788119077    -0.05949
 990     22.2641093255422     0.01814
 991     22.2641398391767    -0.01346
 992     22.2641703528111     0.04748
 993     22.2642008664456    -0.01165
 994     22.2642313800800    -0.01114
 995     22.2642618937145     0.00990
 996     22.2642924073490     0.08063
 997     22.2643229209834    -0.09397
 998     22.2643534346179    -0.03591
 999     22.2643839482524    -0.02006
1000     22.2644144618868    -0.13960
1001     22.2644449755213     0.13034
1002     22.2644754891558    -0.01904
1003     22.2645060027902     0.11171
1004     22.2645365164247     0.01087
1005     22.2645670300592     0.02346
1006     22.2645975436936    -0.02397
1007     22.2646280573281     0.05418
1008     22.2646585709626    -0.05199
1009     22.2646890845970     0.01460
1010     22.2647195982315     0.04125
1011     22.2647501118660    -0.15633
1012     22.2647806255004    -0.03091
1013     22.2648111391349     0.01699
1014     22.2648416527694     0.10409
1015     22.2648721664038     0.01328
1016     22.2649026800383    -0.05632
1017     22.2649331936727     0.10183
1018     22.2649637073072     0.01533
1019     22.2649942209417     0.01649
1020     22.2650247345761    -0.01292
1021     22.2650552482106     0.04101
1022     22.2650857618451     0.01000
1023     22.2651162754795     0.07498
1024     22.2651467891140     0.03894
1025     22.2651773027485    -0.07028
1026     22.2652078163829    -0.11126
1027     22.2652383300174    -0.00147
1028     22.2652688436519    -0.04436
1029     22.2652993572863     0.02664
1030     22.2653298709208    -0.04212
1031     22.2653603845553     0.06332
1032     22.2653908981897    -0.06347
1033     22.2654214118242     0.04943
1034     22.2654519254587    -0.06567
1035     22.2654824390931    -0.02919
1036     22.2655129527276    -0.00322
1037     22.2655434663620    -0.00472
1038     22.2655739799965    -0.03855
1039     22.2656044936310     0.02343
1040     22.2656350072654     0.03478
1041     22.2656655208999    -0.05417
1042     22.2656960345344    -0.01389
1043     22.2657265481688     0.02059
1044     22.2657570618033     0.05059
1045     22.2657875754378     0.02953
1046     22.2658180890722    -0.01180
1047     22.2658486027067    -0.05015
1048     22.2658791163412    -0.05835
1049     22.2659096299756     0.04652
1050     22.2659401436101    -0.03751
1051     22.2659706572446     0.07183
1052     22.2660011708790     0.05323
1053     22.2660316845135     0.12567
1054     22.2660621981480     0.02401
1055     22.2660927117824    -0.00817
1056     22.2661232254169    -0.09745
1057     22.2661537390514     0.12583
1058     22.2661842526858     0.12135
1059     22.2662147663203    -0.00991
1060     22.2662452799547    -0.00949
1061     22.2662757935892     0.04659
1062     22.2663063072237    -0.02245
1063     22.2663368208581     0.03821
1064     22.2663673344926     0.05300
1065     22.2663978481271     0.05610
1066     22.2664283617615     0.00761
1067     22.2664588753960     0.00650
1068     22.2664893890305     0.03095
1069     22.2665199026649     0.04617
1070     22.2665504162994     0.06091
1071     22.2665809299339    -0.04327
1072     22.2666114435683    -0.02316
1073     22.2666419572028    -0.01506
1074     22.2666724708373     0.00083
1075     22.2667029844717     0.06179
1076     22.2667334981062     0.06860
1077     22.2667640117407    -0.01406
1078     22.2667945253751    -0.04829
1079     22.2668250390096    -0.06718
1080     22.2668555526440    -0.09070
1081     22.2668860662785     0.18140
1082     22.2669165799130    -0.00255
1083     22.2669470935474    -0.02323
1084     22.2669776071819    -0.12651
1085     22.2670081208164    -0.03648
1086     22.2670386344508     0.02841
1087     22.2670691480853     0.01453
1088     22.2670996617198     0.02689
1089     22.2671301753542    -0.03432
1090     22.2671606889887     0.00255
1091     22.2671912026232    -0.12411
1092     22.2672217162576     0.09500
1093     22.2672522298921    -0.02331
1094     22.2672827435266    -0.00596
1095     22.2673132571610     0.01959
1096     22.2673437707955    -0.01507
1097     22.2673742844300     0.01186
1098     22.2674047980644    -0.10304
1099     22.2674353116989     0.05135
1100     22.2674658253334     0.02904
1101     22.2674963389678     0.00848
1102     22.2675268526023     0.01438
1103     22.2675573662367    -0.05338
1104     22.2675878798712    -0.00023
1105     22.2676183935057    -0.02301
1106     22.2676489071401     0.03204
1107     22.2676794207746    -0.03510
1108     22.2677099344091    -0.00653
1109     22.2677404480435    -0.04640
1110     22.2677709616780     0.00094
1111     22.2678014753125     0.08847
1112     22.2678319889469     0.04122
1113     22.2678625025814    -0.10762
1114     22.2678930162159    -0.00272
1115     22.2679235298503    -0.04777
1116     22.2679540434848     0.04023
1117     22.2679845571193    -0.07184
1118     22.2680150707537     0.01729
1119     22.2680455843882    -0.03006
1120     22.2680760980227     0.02449
1121     22.2681066116571    -0.05161
1122     22.2681371252916     0.01613
1123     22.2681676389261     0.07067
1124     22.2681981525605     0.03172
1125     22.2682286661950    -0.02043
1126     22.2682591798294    -0.06360
1127     22.2682896934639     0.11837
1128     22.2683202070984    -0.03819
1129     22.2683507207328     0.06809
1130     22.2683812343673     0.02065
1131     22.2684117480018    -0.00496
1132     22.2684422616362    -0.01117
1133     22.2684727752707     0.10948
1134     22.2685032889052     0.03658
1135     22.2685338025396     0.01583
1136     22.2685643161741     0.12104
1137     22.2685948298086     0.00960
1138     22.2686253434430     0.10005
1139     22.2686558570775    -0.05048
1140     22.2686863707120     0.02523
1141     22.2687168843464    -0.03997
1142     22.2687473979809    -0.03535
1143     22.2687779116154     0.04512
1144     22.2688084252498     0.07293
1145     22.2688389388843     0.01428
1146     22.2688694525188    -0.07896
1147     22.2688999661532     0.02084
1148     22.2689304797877    -0.03547
1149     22.2689609934221     0.00733
1150     22.2689915070566     0.10968
1151     22.2690220206911    -0.04745
1152     22.2690525343255    -0.00567
1153     22.2690830479600     0.05202
1154     22.2691135615945     0.04664
1155     22.2691440752289     0.04059
1156     22.2691745888634     0.00971
1157     22.2692051024979    -0.02219
1158     22.2692356161323    -0.08174
1159     22.2692661297668     0.10337
1160     22.2692966434013    -0.02415
1161     22.2693271570357    -0.05525
1162     22.2693576706702    -0.06891
1163     22.2693881843047     0.05231
1164     22.2694186979391    -0.04345
1165     22.2694492115736    -0.05089
1166     22.2694797252081    -0.04903
1167     22.2695102388425     0.17533
1168     22.2695407524770    -0.07104
1169     22.2695712661114    -0.01643
1170     22.2696017797459     0.02189
1171     22.2696322933804    -0.08324
1172     22.2696628070148     0.01631
1173     22.2696933206493     0.03711
1174     22.2697238342838     0.01050
1175     22.2697543479182    -0.03345
1176     22.2697848615527    -0.08302
1177     22.2698153751872    -0.00200
1178     22.2698458888216    -0.07693
1179     22.2698764024561    -0.00538
1180     22.2699069160906     0.04327
1181     22.2699374297250    -0.00324
1182     22.2699679433595    -0.04814
1183     22.2699984569940    -0.05398
1184     22.2700289706284    -0.11289
1185     22.2700594842629     0.05308
1186     22.2700899978974     0.06614
1187     22.2701205115318    -0.08979
1188     22.2701510251663     0.03391
1189     22.2701815388007     0.07649
1190     22.2702120524352    -0.13710
1191     22.2702425660697     0.00414
1192     22.2702730797041    -0.05563
1193     22.2703035933386    -0.00358
1194     22.2703341069731    -0.04708
1195     22.2703646206075     0.01728
1196     22.2703951342420     0.04387
1197     22.2704256478765     0.06049
1198     22.2704561615109    -0.05826
1199     22.2704866751454     0.01711
1200     22.2705171887799     0.01297
1201     22.2705477024143    -0.03722
1202     22.2705782160488     0.01498
1203     22.2706087296833     0.01508
1204     22.2706392433177    -0.00227
1205     22.2706697569522     0.06708
1206     22.2707002705867    -0.06114
1207     22.2707307842211    -0.02521
1208     22.2707612978556    -0.04750
1209     22.2707918114901     0.09142
1210     22.2708223251245    -0.00725
1211     22.2708528387590    -0.00970
1212     22.2708833523935     0.10517
1213     22.2709138660279     0.15894
1214     22.2709443796624    -0.03507
1215     22.2709748932968     0.04047
1216     22.2710054069313     0.08073
1217     22.2710359205658     0.01225
1218     22.2710664342002    -0.01115
1219     22.2710969478347     0.01364
1220     22.2711274614692     0.05736
1221     22.2711579751036     0.06165
1222     22.2711884887381     0.10982
1223     22.2712190023726    -0.02162
1224     22.2712495160070    -0.13853
1225     22.2712800296415    -0.04889
1226     22.2713105432760    -0.00970
1227     22.2713410569104     0.01461
1228     22.2713715705449    -0.11575
1229     22.2714020841794     0.07657
1230     22.2714325978138     0.07554
1231     22.2714631114483    -0.05253
1232     22.2714936250828     0.02221
1233     22.2715241387172     0.00050
1234     22.2715546523517     0.02942
1235     22.2715851659861     0.05205
1236     22.2716156796206    -0.03825
1237     22.2716461932551     0.03514
1238     22.2716767068895    -0.02973
1239     22.2717072205240    -0.01991
1240     22.2717377341585     0.01658
1241     22.2717682477929    -0.03713
1242     22.2717987614274     0.03790
1243     22.2718292750619     0.01812
1244     22.2718597886963     0.03920
1245     22.2718903023308    -0.03483
1246     22.2719208159653    -0.06936
1247     22.2719513295997     0.01057
1248     22.2719818432342     0.12326
1249     22.2720123568687     0.02357
1250     22.2720428705031     0.03346
1251     22.2720733841376    -0.06495
1252     22.2721038977721     0.01835
1253     22.2721344114065     0.02000
1254     22.2721649250410    -0.01476
1255     22.2721954386754    -0.03063
1256     22.2722259523099    -0.06884
1257     22.2722564659444    -0.00097
1258     22.2722869795788    -0.01586
1259     22.2723174932133     0.05703
1260     22.2723480068478    -0.01369
1261     22.2723785204822    -0.01049
1262     22.2724090341167     0.03610
1263     22.2724395477512    -0.12205
1264     22.2724700613856     0.00460
1265     22.2725005750201    -0.03441
1266     22.2725310886546     0.07534
1267     22.2725616022890    -0.03161
1268     22.2725921159235    -0.04240
1269     22.2726226295580    -0.02160
1270     22.2726531431924     0.04272
1271     22.2726836568269    -0.03903
1272     22.2727141704614    -0.00100
1273     22.2727446840958    -0.04131
1274     22.2727751977303    -0.02481
1275     22.2728057113648     0.04953
1276     22.2728362249992     0.04333
1277     22.2728667386337     0.03476
1278     22.2728972522681    -0.11483
1279     22.2729277659026     0.01684
1280     22.2729582795371     0.01355
1281     22.2729887931715     0.04674
1282     22.2730193068060    -0.08409
1283     22.2730498204405    -0.04232
1284     22.2730803340749    -0.02114
1285     22.2731108477094     0.05589
1286     22.2731413613439     0.02356
1287     22.2731718749783    -0.01128
1288     22.2732023886128    -0.02103
1289     22.2732329022473     0.01683
1290     22.2732634158817     0.01909
1291     22.2732939295162    -0.02168
1292     22.2733244431507     0.00014
1293     22.2733549567851     0.02818
1294     22.2733854704196     0.01426
1295     22.2734159840541    -0.05735
1296     22.2734464976885    -0.07058
1297     22.2734770113230     0.02286
1298     22.2735075249575    -0.00662
1299     22.2735380385919    -0.02135
1300     22.2735685522264    -0.13403
1301     22.2735990658609    -0.16988
1302     22.2736295794953    -0.03459
1303     22.2736600931298     0.03064
1304     22.2736906067642     0.07355
1305     22.2737211203987    -0.08991
1306     22.2737516340332     0.05508
1307     22.2737821476676     0.07651
1308     22.2738126613021     0.03787
1309     22.2738431749366     0.02375
1310     22.2738736885710     0.03201
1311     22.2739042022055    -0.01825
1312     22.2739347158400    -0.06842
1313     22.2739652294744     0.02989
1314     22.2739957431089     0.01616
1315     22.2740262567434     0.03351
1316     22.2740567703778     0.04618
1317     22.2740872840123     0.05018
1318     22.2741177976468    -0.06358
1319     22.2741483112812    -0.05296
1320     22.2741788249157     0.05084
1321     22.2742093385502     0.00808
1322     22.2742398521846    -0.15229
1323     22.2742703658191    -0.03198
1324     22.2743008794535     0.03351
1325     22.2743313930880    -0.07566
1326     22.2743619067225    -0.00088
1327     22.2743924203569     0.03618
1328     22.2744229339914     0.03424
1329     22.2744534476259    -0.12266
1330     22.2744839612603    -0.00955
1331     22.2745144748948     0.13108
1332     22.2745449885293     0.02405
1333     22.2745755021637    -0.00845
1334     22.2746060157982    -0.00367
1335     22.2746365294327    -0.05931
1336     22.2746670430671    -0.01031
1337     22.2746975567016     0.05289
1338     22.2747280703361    -0.01855
1339     22.2747585839705     0.08282
1340     22.2747890976050     0.01256
1341     22.2748196112395    -0.04156
1342     22.2748501248739    -0.01974
1343     22.2748806385084    -0.04231
1344     22.2749111521428     0.01265
1345     22.2749416657773     0.04226
1346     22.2749721794118     0.02818
1347     22.2750026930462     0.02559
1348     22.2750332066807    -0.05972
1349     22.2750637203152    -0.04201
1350     22.2750942339496    -0.01913
1351     22.2751247475841     0.02155
1352     22.2751552612186     0.05735
1353     22.2751857748530    -0.00207
1354     22.2752162884875     0.09327
1355     22.2752468021220    -0.00650
1356     22.2752773157564     0.09946
1357     22.2753078293909     0.11678
1358     22.2753383430254     0.05450
1359     22.2753688566598    -0.02525
1360     22.2753993702943    -0.01570
1361     22.2754298839288     0.03795
1362     22.2754603975632    -0.02552
1363     22.2754909111977     0.07360
1364     22.2755214248321     0.02830
1365     22.2755519384666    -0.01774
1366     22.2755824521011    -0.01053
1367     22.2756129657355     0.10891
1368     22.2756434793700    -0.02768
1369     22.2756739930045    -0.04878
1370     22.2757045066389     0.00299
1371     22.2757350202734    -0.01299
1372     22.2757655339079    -0.02151
1373     22.2757960475423    -0.03488
1374     22.2758265611768    -0.13867
1375     22.2758570748113    -0.01895
1376     22.2758875884457     0.12300
1377     22.2759181020802     0.04682
1378     22.2759486157147    -0.09658
1379     22.2759791293491    -0.03731
1380     22.2760096429836    -0.00629
1381     22.2760401566181     0.03365
1382     22.2760706702525    -0.09529
1383     22.2761011838870     0.03849
1384     22.2761316975214     0.04462
1385     22.2761622111559     0.13632
1386     22.2761927247904     0.03104
1387     22.2762232384248     0.02779
1388     22.2762537520593    -0.00886
1389     22.2762842656938    -0.11971
1390     22.2763147793282     0.01912
1391     22.2763452929627    -0.03685
1392     22.2763758065972    -0.03282
1393     22.2764063202316    -0.06111
1394     22.2764368338661     0.04606
1395     22.2764673475006    -0.02443
1396     22.2764978611350    -0.03505
1397     22.2765283747695     0.06333
1398     22.2765588884040    -0.02775
1399     22.2765894020384    -0.05200
1400     22.2766199156729    -0.00940
1401     22.2766504293074     0.03703
1402     22.2766809429418     0.06507
1403     22.2767114565763     0.07575
1404     22.2767419702108     0.03428
1405     22.2767724838452    -0.04487
1406     22.2768029974797     0.06124
1407     22.2768335111142     0.06559
1408     22.2768640247486     0.00314
1409     22.2768945383831    -0.04586
1410     22.2769250520175     0.02676
1411     22.2769555656520    -0.15954
1412     22.2769860792865     0.03859
1413     22.2770165929209    -0.03431
1414     22.2770471065554    -0.00027
1415     22.2770776201899    -0.04711
1416     22.2771081338243     0.02641
1417     22.2771386474588    -0.03039
1418     22.2771691610933     0.00882
1419     22.2771996747277    -0.08304
1420     22.2772301883622    -0.00962
1421     22.2772607019967    -0.10386
1422     22.2772912156311     0.04999
1423     22.2773217292656    -0.02133
1424     22.2773522429001     0.03376
1425     22.2773827565345     0.01915
1426     22.2774132701690    -0.03745
1427     22.2774437838035    -0.06042
1428     22.2774742974379     0.05248
1429     22.2775048110724    -0.09177
1430     22.2775353247069    -0.05030
1431     22.2775658383413    -0.03690
1432     22.2775963519758    -0.00166
1433     22.2776268656102    -0.05303
1434     22.2776573792447    -0.01430
1435     22.2776878928792    -0.06614
1436     22.2777184065136    -0.08750
1437     22.2777489201481     0.03396
1438     22.2777794337826    -0.06944
1439     22.2778099474170     0.02611
1440     22.2778404610515    -0.01406
1441     22.2778709746860    -0.06711
1442     22.2779014883204     0.10734
1443     22.2779320019549     0.03905
1444     22.2779625155894     0.00668
1445     22.2779930292238     0.01876
1446     22.2780235428583    -0.01363
1447     22.2780540564928    -0.04021
1448     22.2780845701272    -0.04955
1449     22.2781150837617     0.04728
1450     22.2781455973962     0.03410
1451     22.2781761110306     0.03242
1452     22.2782066246651     0.02287
1453     22.2782371382996    -0.04458
1454     22.2782676519340     0.03284
1455     22.2782981655685    -0.07016
1456     22.2783286792029    -0.02577
1457     22.2783591928374    -0.11168
1458     22.2783897064719     0.00063
1459     22.2784202201063     0.06616
1460     22.2784507337408    -0.06363
1461     22.2784812473753     0.04584
1462     22.2785117610097    -0.06599
1463     22.2785422746442     0.02139
1464     22.2785727882787    -0.08072
1465     22.2786033019131    -0.12282
1466     22.2786338155476     0.08689
1467     22.2786643291821    -0.09710
1468     22.2786948428165     0.04354
1469     22.2787253564510    -0.02563
1470     22.2787558700855     0.01966
1471     22.2787863837199     0.06128
1472     22.2788168973544     0.05892
1473     22.2788474109889    -0.06675
1474     22.2788779246233    -0.02610
1475     22.2789084382578    -0.08522
1476     22.2789389518922     0.07469
1477     22.2789694655267    -0.01092
1478     22.2789999791612    -0.02388
1479     22.2790304927956     0.01321
1480     22.2790610064301     0.00223
1481     22.2790915200646     0.03609
1482     22.2791220336990    -0.05882
1483     22.2791525473335    -0.00651
1484     22.2791830609680     0.00479
1485     22.2792135746024    -0.01628
1486     22.2792440882369     0.08589
1487     22.2792746018714     0.04816
1488     22.2793051155058     0.07860
1489     22.2793356291403    -0.05436
1490     22.2793661427748    -0.05665
1491     22.2793966564092     0.02154
1492     22.2794271700437     0.02652
1493     22.2794576836782    -0.00654
1494     22.2794881973126     0.02056
1495     22.2795187109471     0.04843
1496     22.2795492245815     0.12401
1497     22.2795797382160    -0.01633
1498     22.2796102518505     0.01322
1499     22.2796407654849    -0.04297
1500     22.2796712791194     0.10940
1501     22.2797017927539    -0.00733
1502     22.2797323063883     0.01524
1503     22.2797628200228    -0.10118
1504     22.2797933336573    -0.01499
1505     22.2798238472917    -0.06290
1506     22.2798543609262     0.07712
1507     22.2798848745607     0.00501
1508     22.2799153881951    -0.04513
1509     22.2799459018296    -0.11476
1510     22.2799764154641     0.05663
1511     22.2800069290985     0.16332
1512     22.2800374427330     0.02423
1513     22.2800679563675     0.05019
1514     22.2800984700019    -0.05628
1515     22.2801289836364     0.06827
1516     22.2801594972708    -0.03301
1517     22.2801900109053     0.05968
1518     22.2802205245398     0.10168
1519     22.2802510381742     0.07628
1520     22.2802815518087     0.00805
1521     22.2803120654432    -0.00240
1522     22.2803425790776    -0.05904
1523     22.2803730927121    -0.02119
1524     22.2804036063466    -0.03175
1525     22.2804341199810    -0.00972
1526     22.2804646336155    -0.07589
1527     22.2804951472500     0.00912
1528     22.2805256608844     0.04362
1529     22.2805561745189    -0.02879
1530     22.2805866881534     0.07006
1531     22.2806172017878    -0.02307
1532     22.2806477154223     0.01022
1533     22.2806782290568     0.03490
1534     22.2807087426912    -0.01902
1535     22.2807392563257    -0.00727
1536     22.2807697699602    -0.17898
1537     22.2808002835946    -0.06546
1538     22.2808307972291     0.02385
1539     22.2808613108635     0.04327
1540     22.2808918244980     0.07907
1541     22.2809223381325     0.03204
1542     22.2809528517669     0.07021
1543     22.2809833654014    -0.06552
1544     22.2810138790359    -0.05707
1545     22.2810443926703     0.03888
1546     22.2810749063048     0.02395
1547     22.2811054199393    -0.01662
1548     22.2811359335737     0.01478
1549     22.2811664472082     0.00511
1550     22.2811969608427     0.11686
1551     22.2812274744771    -0.05489
1552     22.2812579881116     0.01546
1553     22.2812885017461    -0.00415
1554     22.2813190153805    -0.07750
1555     22.2813495290150    -0.08398
1556     22.2813800426495    -0.00067
1557     22.2814105562839    -0.07823
1558     22.2814410699184    -0.07713
1559     22.2814715835529     0.04584
1560     22.2815020971873     0.12385
1561     22.2815326108218    -0.06645
1562     22.2815631244562    -0.10815
1563     22.2815936380907     0.04262
1564     22.2816241517252     0.02450
1565     22.2816546653596     0.06258
1566     22.2816851789941     0.06360
1567     22.2817156926286    -0.07083
1568     22.2817462062630    -0.06255
1569     22.2817767198975     0.15162
1570     22.2818072335320    -0.04192
1571     22.2818377471664     0.03325
1572     22.2818682608009    -0.00858
1573     22.2818987744354    -0.01898
1574     22.2819292880698    -0.04882
1575     22.2819598017043     0.08493
1576     22.2819903153388    -0.08833
1577     22.2820208289732     0.06137
1578     22.2820513426077    -0.01176
1579     22.2820818562422     0.03944
1580     22.2821123698766     0.04463
1581     22.2821428835111    -0.01870
1582     22.2821733971456     0.00393
1583     22.2822039107800    -0.11222
1584     22.2822344244145    -0.06652
1585     22.2822649380489    -0.05226
1586     22.2822954516834    -0.01159
1587     22.2823259653179     0.07306
1588     22.2823564789523     0.03988
1589     22.2823869925868     0.03443
1590     22.2824175062213     0.08926
1591     22.2824480198557    -0.03085
1592     22.2824785334902    -0.07602
1593     22.2825090471247    -0.07238
1594     22.2825395607591    -0.00299
1595     22.2825700743936     0.01149
1596     22.2826005880281     0.06352
1597     22.2826311016625     0.00574
1598     22.2826616152970     0.11719
1599     22.2826921289315    -0.00994
1600     22.2827226425659     0.05573
1601     22.2827531562004    -0.00961
1602     22.2827836698349    -0.14252
1603     22.2828141834693     0.00121
1604     22.2828446971038    -0.04110
1605     22.2828752107382     0.01725
1606     22.2829057243727    -0.08142
1607     22.2829362380072    -0.01249
1608     22.2829667516416     0.09222
1609     22.2829972652761    -0.03041
1610     22.2830277789106     0.04410
1611     22.2830582925450    -0.04333
1612     22.2830888061795    -0.00206
1613     22.2831193198140    -0.03943
1614     22.2831498334484     0.03184
1615     22.2831803470829     0.04373
1616     22.2832108607174     0.06487
1617     22.2832413743518     0.03003
1618     22.2832718879863    -0.01751
1619     22.2833024016208     0.04978
1620     22.2833329152552     0.02638
1621     22.2833634288897     0.02155
1622     22.2833939425242     0.03175
1623     22.2834244561586     0.04714
1624     22.2834549697931    -0.01747
1625     22.2834854834276     0.03295
1626     22.2835159970620     0.13899
1627     22.2835465106965     0.08666
1628     22.2835770243309     0.11271
1629     22.2836075379654     0.06587
1630     22.2836380515999    -0.07825
1631     22.2836685652343     0.06220
1632     22.2836990788688    -0.01484
1633     22.2837295925033    -0.02767
1634     22.2837601061377    -0.02877
1635     22.2837906197722    -0.04056
1636     22.2838211334067    -0.12565
1637     22.2838516470411     0.06039
1638     22.2838821606756     0.03448
1639     22.2839126743101    -0.03839
1640     22.2839431879445    -0.00870
1641     22.2839737015790     0.05754
1642     22.2840042152135     0.05043
1643     22.2840347288479    -0.01673
1644     22.2840652424824    -0.03536
1645     22.2840957561169    -0.01015
1646     22.2841262697513     0.01705
1647     22.2841567833858    -0.06565
1648     22.2841872970202    -0.01771
1649     22.2842178106547    -0.02666
1650     22.2842483242892     0.01153
1651     22.2842788379236     0.07491
1652     22.2843093515581    -0.01006
1653     22.2843398651926    -0.09009
1654     22.2843703788270     0.07848
1655     22.2844008924615     0.08203
1656     22.2844314060960     0.03793
1657     22.2844619197304    -0.13102
1658     22.2844924333649     0.03302
1659     22.2845229469994    -0.01330
1660     22.2845534606338    -0.04065
1661     22.2845839742683    -0.06113
1662     22.2846144879028    -0.00393
1663     22.2846450015372     0.00103
1664     22.2846755151717     0.00880
1665     22.2847060288062     0.06135
1666     22.2847365424406    -0.08567
1667     22.2847670560751     0.13638
1668     22.2847975697095    -0.00613
1669     22.2848280833440    -0.07331
1670     22.2848585969785    -0.05587
1671     22.2848891106129    -0.07972
1672     22.2849196242474     0.00139
1673     22.2849501378819     0.00482
1674     22.2849806515163    -0.01350
1675     22.2850111651508     0.00603
1676     22.2850416787853     0.02256
1677     22.2850721924197     0.02716
1678     22.2851027060542    -0.00687
1679     22.2851332196887    -0.10234
1680     22.2851637333231    -0.08166
1681     22.2851942469576     0.02332
1682     22.2852247605921     0.10510
1683     22.2852552742265    -0.07070
1684     22.2852857878610    -0.08004
1685     22.2853163014955    -0.00847
1686     22.2853468151299    -0.04792
1687     22.2853773287644     0.05631
1688     22.2854078423989    -0.00184
1689     22.2854383560333     0.06688
1690     22.2854688696678     0.11406
1691     22.2854993833023    -0.02616
1692     22.2855298969367    -0.05940
1693     22.2855604105712     0.00511
1694     22.2855909242056     0.05490
1695     22.2856214378401     0.02561
1696     22.2856519514746     0.02872
1697     22.2856824651090     0.07138
1698     22.2857129787435     0.01570
1699     22.2857434923780    -0.08690
1700     22.2857740060124    -0.11220
1701     22.2858045196469     0.05900
1702     22.2858350332814     0.03968
1703     22.2858655469158    -0.04928
1704     22.2858960605503     0.07100
1705     22.2859265741848    -0.01022
1706     22.2859570878192    -0.05320
1707     22.2859876014537    -0.07453
1708     22.2860181150882     0.02257
1709     22.2860486287226    -0.01253
1710     22.2860791423571     0.01026
1711     22.2861096559916    -0.00104
1712     22.2861401696260     0.03309
1713     22.2861706832605    -0.04369
1714     22.2862011968949    -0.04736
1715     22.2862317105294     0.04820
1716     22.2862622241639    -0.05471
1717     22.2862927377983     0.02610
1718     22.2863232514328     0.06825
1719     22.2863537650673    -0.05652
1720     22.2863842787017    -0.01876
1721     22.2864147923362     0.00413
1722     22.2864453059707    -0.01454
1723     22.2864758196051    -0.04811
1724     22.2865063332396    -0.00675
1725     22.2865368468741    -0.03960
1726     22.2865673605085     0.03080
1727     22.2865978741430    -0.04062
1728     22.2866283877775     0.06991
1729     22.2866589014119     0.03547
1730     22.2866894150464    -0.03359
1731     22.2867199286809    -0.00627
1732     22.2867504423153    -0.00093
1733     22.2867809559498     0.06994
1734     22.2868114695843     0.04043
1735     22.2868419832187     0.00004
1736     22.2868724968532     0.13776
1737     22.2869030104876     0.09601
1738     22.2869335241221    -0.07105
1739     22.2869640377566    -0.02864
1740     22.2869945513910     0.03748
1741     22.2870250650255     0.04668
1742     22.2870555786600    -0.03252
1743     22.2870860922944    -0.02287
1744     22.2871166059289     0.01578
1745     22.2871471195634     0.01720
1746     22.2871776331978    -0.02201
1747     22.2872081468323    -0.08429
1748     22.2872386604668     0.11874
1749     22.2872691741012     0.00676
1750     22.2872996877357    -0.05671
1751     22.2873302013702    -0.02666
1752     22.2873607150046     0.01600
1753     22.2873912286391     0.05363
1754     22.2874217422736     0.01265
1755     22.2874522559080    -0.00658
1756     22.2874827695425    -0.05579
1757     22.2875132831769    -0.06527
1758     22.2875437968114    -0.00836
1759     22.2875743104459    -0.00659
1760     22.2876048240803    -0.13158
1761     22.2876353377148     0.02463
1762     22.2876658513493     0.02348
1763     22.2876963649837    -0.01637
1764     22.2877268786182    -0.00216
1765     22.2877573922527     0.02742
1766     22.2877879058871     0.11812
1767     22.2878184195216    -0.02723
1768     22.2878489331561     0.01661
1769     22.2878794467905    -0.01775
1770     22.2879099604250    -0.03721
1771     22.2879404740595     0.06918
1772     22.2879709876939    -0.02008
1773     22.2880015013284     0.00938
1774     22.2880320149629    -0.04108
1775     22.2880625285973    -0.00848
1776     22.2880930422318     0.07547
1777     22.2881235558663     0.06062
1778     22.2881540695007     0.01926
1779     22.2881845831352     0.06052
1780     22.2882150967697     0.03403
1781     22.2882456104041     0.00750
1782     22.2882761240386     0.04202
1783     22.2883066376730    -0.02778
1784     22.2883371513075    -0.06488
1785     22.2883676649420    -0.08804
1786     22.2883981785764    -0.01256
1787     22.2884286922109    -0.08618
1788     22.2884592058454    -0.04009
1789     22.2884897194798    -0.03376
1790     22.2885202331143     0.01308
1791     22.2885507467488     0.05501
1792     22.2885812603832    -0.02949
1793     22.2886117740177     0.11543
1794     22.2886422876522    -0.03703
1795     22.2886728012866    -0.06085
1796     22.2887033149211     0.04682
1797     22.2887338285556     0.00691
1798     22.2887643421900     0.00759
1799     22.2887948558245     0.06471
1800     22.2888253694589     0.03977
1801     22.2888558830934     0.08693
1802     22.2888863967279     0.03375
1803     22.2889169103623     0.00544
1804     22.2889474239968    -0.04562
1805     22.2889779376313    -0.02350
1806     22.2890084512657    -0.03210
1807     22.2890389649002     0.10482
1808     22.2890694785347     0.03695
1809     22.2890999921691    -0.00853
1810     22.2891305058036    -0.03531
1811     22.2891610194381     0.08617
1812     22.2891915330725    -0.06135
1813     22.2892220467070     0.03874
1814     22.2892525603415    -0.02215
1815     22.2892830739759     0.05408
1816     22.2893135876104     0.15077
1817     22.2893441012449    -0.05145
1818     22.2893746148793    -0.14773
1819     22.2894051285138    -0.01055
1820     22.2894356421483    -0.02929
1821     22.2894661557827     0.00407
1822     22.2894966694172     0.06229
1823     22.2895271830516     0.02447
1824     22.2895576966861     0.00259
1825     22.2895882103206     0.04268
1826     22.2896187239550    -0.10021
1827     22.2896492375895    -0.03603
1828     22.2896797512240     0.04254
1829     22.2897102648584    -0.01469
1830     22.2897407784929    -0.04520
1831     22.2897712921274    -0.10139
1832     22.2898018057618     0.07692
1833     22.2898323193963     0.05492
1834     22.2898628330308    -0.06972
1835     22.2898933466652     0.12651
1836     22.2899238602997    -0.06438
1837     22.2899543739342     0.10484
1838     22.2899848875686    -0.04157
1839     22.2900154012031    -0.19451
1840     22.2900459148376     0.05208
1841     22.2900764284720    -0.04842
1842     22.2901069421065    -0.01987
1843     22.2901374557410    -0.01225
1844     22.2901679693754    -0.00491
1845     22.2901984830099     0.08466
1846     22.2902289966443    -0.02768
1847     22.2902595102788    -0.08964
1848     22.2902900239133    -0.10971
1849     22.2903205375477    -0.14989
1850     22.2903510511822    -0.06721
1851     22.2903815648167     0.01819
1852     22.2904120784511    -0.03002
1853     22.2904425920856    -0.02948
1854     22.2904731057201     0.06280
1855     22.2905036193545     0.07103
1856     22.2905341329890     0.01117
1857     22.2905646466235     0.03624
1858     22.2905951602579    -0.05968
1859     22.2906256738924    -0.05186
1860     22.2906561875269     0.08656
1861     22.2906867011613    -0.02273
1862     22.2907172147958    -0.07398
1863     22.2907477284303    -0.01987
1864     22.2907782420647    -0.04579
1865     22.2908087556992     0.02427
1866     22.2908392693336    -0.02506
1867     22.2908697829681    -0.05749
1868     22.2909002966026    -0.03621
1869     22.2909308102370    -0.02684
1870     22.2909613238715     0.01348
1871     22.2909918375060     0.01757
1872     22.2910223511404     0.04128
1873     22.2910528647749     0.02159
1874     22.2910833784094     0.00169
1875     22.2911138920438    -0.10562
1876     22.2911444056783    -0.01511
1877     22.2911749193128     0.03310
1878     22.2912054329472    -0.02874
1879     22.2912359465817     0.03939
1880     22.2912664602162     0.07802
1881     22.2912969738506    -0.01270
1882     22.2913274874851     0.03934
1883     22.2913580011196     0.06339
1884     22.2913885147540     0.06328
1885     22.2914190283885    -0.05836
1886     22.2914495420230    -0.08709
1887     22.2914800556574     0.04295
1888     22.2915105692919    -0.06362
1889     22.2915410829263     0.01616
1890     22.2915715965608     0.01485
1891     22.2916021101953     0.01635
1892     22.2916326238297     0.00314
1893     22.2916631374642     0.11487
1894     22.2916936510987     0.00374
1895     22.2917241647331     0.04060
1896     22.2917546783676     0.01523
1897     22.2917851920021    -0.02408
1898     22.2918157056365    -0.04792
1899     22.2918462192710     0.06353
1900     22.2918767329055    -0.03715
1901     22.2919072465399    -0.11255
1902     22.2919377601744     0.08488
1903     22.2919682738089     0.07128
1904     22.2919987874433     0.03196
1905     22.2920293010778     0.07236
1906     22.2920598147123    -0.07131
1907     22.2920903283467    -0.03262
1908     22.2921208419812     0.04578
1909     22.2921513556157     0.06872
1910     22.2921818692501    -0.04088
1911     22.2922123828846    -0.06941
1912     22.2922428965190     0.03394
1913     22.2922734101535    -0.07287
1914     22.2923039237880    -0.08925
1915     22.2923344374224     0.02503
1916     22.2923649510569     0.10089
1917     22.2923954646914    -0.02073
1918     22.2924259783258     0.08251
1919     22.2924564919603    -0.05654
1920     22.2924870055948    -0.00256
1921     22.2925175192292     0.08103
1922     22.2925480328637     0.06127
1923     22.2925785464982    -0.07920
1924     22.2926090601326     0.02330
1925     22.2926395737671    -0.05192
1926     22.2926700874016     0.07044
1927     22.2927006010360    -0.06104
1928     22.2927311146705     0.01303
1929     22.2927616283050    -0.00666
1930     22.2927921419394    -0.10124
1931     22.2928226555739    -0.04514
1932     22.2928531692084     0.01934
1933     22.2928836828428     0.02299
1934     22.2929141964773    -0.08253
1935     22.2929447101117     0.04185
1936     22.2929752237462     0.03241
1937     22.2930057373807     0.08653
1938     22.2930362510151    -0.10711
1939     22.2930667646496     0.00456
1940     22.2930972782841    -0.01069
1941     22.2931277919185     0.08649
1942     22.2931583055530    -0.06273
1943     22.2931888191875    -0.06868
1944     22.2932193328219     0.04103
1945     22.2932498464564     0.09414
1946     22.2932803600909     0.04479
1947     22.2933108737253     0.07120
1948     22.2933413873598    -0.05377
1949     22.2933719009943     0.05103
1950     22.2934024146287    -0.05354
1951     22.2934329282632    -0.01126
1952     22.2934634418977    -0.15506
1953     22.2934939555321     0.05178
1954     22.2935244691666     0.23760
1955     22.2935549828010    -0.12722
1956     22.2935854964355    -0.04893
1957     22.2936160100700    -0.07718
1958     22.2936465237044    -0.04773
1959     22.2936770373389     0.12096
1960     22.2937075509734     0.03175
1961     22.2937380646078    -0.12265
1962     22.2937685782423     0.04569
1963     22.2937990918768     0.08923
1964     22.2938296055112     0.11712
1965     22.2938601191457    -0.06741
1966     22.2938906327802     0.01366
1967     22.2939211464146    -0.01498
1968     22.2939516600491    -0.07770
1969     22.2939821736836     0.04975
1970     22.2940126873180    -0.01240
1971     22.2940432009525    -0.03939
1972     22.2940737145870     0.03621
1973     22.2941042282214    -0.08920
1974     22.2941347418559     0.04787
1975     22.2941652554903    -0.01280
1976     22.2941957691248     0.00779
1977     22.2942262827593     0.08952
1978     22.2942567963937     0.00538
1979     22.2942873100282    -0.03300
1980     22.2943178236627     0.00535
1981     22.2943483372971    -0.09644
1982     22.2943788509316    -0.04563
1983     22.2944093645661     0.01587
1984     22.2944398782005     0.07456
1985     22.2944703918350     0.08073
1986     22.2945009054695    -0.00297
1987     22.2945314191039    -0.08379
1988     22.2945619327384     0.06624
1989     22.2945924463729     0.01525
1990     22.2946229600073    -0.07470
1991     22.2946534736418    -0.06495
1992     22.2946839872763    -0.01361
1993     22.2947145009107     0.09136
1994     22.2947450145452    -0.02799
1995     22.2947755281797    -0.04106
1996     22.2948060418141     0.04479
1997     22.2948365554486     0.00475
1998     22.2948670690830     0.03071
1999     22.2948975827175     0.07597
2000     22.2949280963520     0.04978
2001     22.2949586099864     0.05023
2002     22.2949891236209     0.08714
2003     22.2950196372554    -0.00557
2004     22.2950501508898    -0.00224
2005     22.2950806645243    -0.01590
2006     22.2951111781588     0.14808
2007     22.2951416917932    -0.07643
2008     22.2951722054277     0.00458
2009     22.2952027190622    -0.01263
2010     22.2952332326966     0.02883
2011     22.2952637463311     0.00415
2012     22.2952942599656    -0.09100
2013     22.2953247736000    -0.12303
2014     22.2953552872345     0.03425
2015     22.2953858008690    -0.01636
2016     22.2954163145034    -0.06140
2017     22.2954468281379    -0.00744
2018     22.2954773417724     0.06987
2019     22.2955078554068     0.00378
2020     22.2955383690413     0.00100
2021     22.2955688826757    -0.05672
2022     22.2955993963102     0.04348
2023     22.2956299099447     0.00999
2024     22.2956604235791     0.01128
2025     22.2956909372136    -0.06486
2026     22.2957214508481     0.03032
2027     22.2957519644825     0.03062
2028     22.2957824781170     0.00083
2029     22.2958129917515     0.04906
2030     22.2958435053859    -0.03025
2031     22.2958740190204    -0.04436
2032     22.2959045326549     0.05368
2033     22.2959350462893    -0.10244
2034     22.2959655599238    -0.08783
2035     22.2959960735583    -0.06913
2036     22.2960265871927    -0.03873
2037     22.2960571008272     0.07556
2038     22.2960876144617    -0.05048
2039     22.2961181280961    -0.04832
2040     22.2961486417306    -0.06835
2041     22.2961791553650    -0.02684
2042     22.2962096689995     0.01839
2043     22.2962401826340    -0.03326
2044     22.2962706962684     0.00802
2045     22.2963012099029    -0.01293
2046     22.2963317235374     0.00836
2047     22.2963622371718     0.00672
2048     22.2963927508063    -0.08121
